k1.0	step	0.0	0.00000000e+00	3.80000000e-07	9.750000e-07	1.0000	0.0000	0.0000	0.0000	1.0000	0.0000	0.0000	0.0000	1.0000	0.0	0.0	0.0	2.000	2.000	2.500
k1.1	step	0.0	0.00000000e+00	3.80000000e-07	9.500000e-07	1.0000	0.0000	0.0000	0.0000	1.0000	0.0000	0.0000	0.0000	1.0000	0.0	0.0	0.0	2.000	2.000	2.500
k1.2	step	0.0	0.00000000e+00	3.80000000e-07	9.250000e-07	1.0000	0.0000	0.0000	0.0000	1.0000	0.0000	0.0000	0.0000	1.0000	0.0	0.0	0.0	2.000	2.000	2.500
k1.3	step	0.0	0.00000000e+00	3.80000000e-07	9.000000e-07	1.0000	0.0000	0.0000	0.0000	1.0000	0.0000	0.0000	0.0000	1.0000	0.0	0.0	0.0	2.000	2.000	2.500
k1.4	step	0.0	0.00000000e+00	3.80000000e-07	8.750000e-07	1.0000	0.0000	0.0000	0.0000	1.0000	0.0000	0.0000	0.0000	1.0000	0.0	0.0	0.0	2.000	2.000	2.500
k1.5	step	0.0	0.00000000e+00	3.80000000e-07	8.500000e-07	1.0000	0.0000	0.0000	0.0000	1.0000	0.0000	0.0000	0.0000	1.0000	0.0	0.0	0.0	2.000	2.000	2.500
k1.6	step	0.0	0.00000000e+00	3.80000000e-07	8.250000e-07	1.0000	0.0000	0.0000	0.0000	1.0000	0.0000	0.0000	0.0000	1.0000	0.0	0.0	0.0	2.000	2.000	2.500
k1.7	step	0.0	0.00000000e+00	3.80000000e-07	8.000000e-07	1.0000	0.0000	0.0000	0.0000	1.0000	0.0000	0.0000	0.0000	1.0000	0.0	0.0	0.0	2.000	2.000	2.500
k1.8	step	0.0	0.00000000e+00	3.80000000e-07	7.750000e-07	1.0000	0.0000	0.0000	0.0000	1.0000	0.0000	0.0000	0.0000	1.0000	0.0	0.0	0.0	2.000	2.000	2.500
k1.9	step	0.0	0.00000000e+00	3.80000000e-07	7.500000e-07	1.0000	0.0000	0.0000	0.0000	1.0000	0.0000	0.0000	0.0000	1.0000	0.0	0.0	0.0	2.000	2.000	2.500
k1.10	step	0.0	0.00000000e+00	3.80000000e-07	7.250000e-07	1.0000	0.0000	0.0000	0.0000	1.0000	0.0000	0.0000	0.0000	1.0000	0.0	0.0	0.0	2.000	2.000	2.500
k1.11	step	0.0	0.00000000e+00	3.80000000e-07	7.000000e-07	1.0000	0.0000	0.0000	0.0000	1.0000	0.0000	0.0000	0.0000	1.0000	0.0	0.0	0.0	2.000	2.000	2.500
k1.12	step	0.0	0.00000000e+00	3.80000000e-07	6.750000e-07	1.0000	0.0000	0.0000	0.0000	1.0000	0.0000	0.0000	0.0000	1.0000	0.0	0.0	0.0	2.000	2.000	2.500
k1.13	step	0.0	0.00000000e+00	3.80000000e-07	6.500000e-07	1.0000	0.0000	0.0000	0.0000	1.0000	0.0000	0.0000	0.0000	1.0000	0.0	0.0	0.0	2.000	2.000	2.500
k1.14	step	0.0	0.00000000e+00	3.80000000e-07	6.250000e-07	1.0000	0.0000	0.0000	0.0000	1.0000	0.0000	0.0000	0.0000	1.0000	0.0	0.0	0.0	2.000	2.000	2.500
k1.15	step	0.0	0.00000000e+00	3.80000000e-07	6.000000e-07	1.0000	0.0000	0.0000	0.0000	1.0000	0.0000	0.0000	0.0000	1.0000	0.0	0.0	0.0	2.000	2.000	2.500
k1.16	step	0.0	0.00000000e+00	3.80000000e-07	5.750000e-07	1.0000	0.0000	0.0000	0.0000	1.0000	0.0000	0.0000	0.0000	1.0000	0.0	0.0	0.0	2.000	2.000	2.500
k1.17	step	0.0	0.00000000e+00	3.80000000e-07	5.500000e-07	1.0000	0.0000	0.0000	0.0000	1.0000	0.0000	0.0000	0.0000	1.0000	0.0	0.0	0.0	2.000	2.000	2.500
k1.18	step	0.0	0.00000000e+00	3.80000000e-07	5.250000e-07	1.0000	0.0000	0.0000	0.0000	1.0000	0.0000	0.0000	0.0000	1.0000	0.0	0.0	0.0	2.000	2.000	2.500
k1.19	step	0.0	0.00000000e+00	3.80000000e-07	5.000000e-07	1.0000	0.0000	0.0000	0.0000	1.0000	0.0000	0.0000	0.0000	1.0000	0.0	0.0	0.0	2.000	2.000	2.500
k1.20	step	0.0	0.00000000e+00	3.80000000e-07	4.750000e-07	1.0000	0.0000	0.0000	0.0000	1.0000	0.0000	0.0000	0.0000	1.0000	0.0	0.0	0.0	2.000	2.000	2.500
k1.21	step	0.0	0.00000000e+00	3.80000000e-07	4.500000e-07	1.0000	0.0000	0.0000	0.0000	1.0000	0.0000	0.0000	0.0000	1.0000	0.0	0.0	0.0	2.000	2.000	2.500
k1.22	step	0.0	0.00000000e+00	3.80000000e-07	4.250000e-07	1.0000	0.0000	0.0000	0.0000	1.0000	0.0000	0.0000	0.0000	1.0000	0.0	0.0	0.0	2.000	2.000	2.500
k1.23	step	0.0	0.00000000e+00	3.80000000e-07	4.000000e-07	1.0000	0.0000	0.0000	0.0000	1.0000	0.0000	0.0000	0.0000	1.0000	0.0	0.0	0.0	2.000	2.000	2.500
k1.24	step	0.0	0.00000000e+00	3.80000000e-07	3.750000e-07	1.0000	0.0000	0.0000	0.0000	1.0000	0.0000	0.0000	0.0000	1.0000	0.0	0.0	0.0	2.000	2.000	2.500
k1.25	step	0.0	0.00000000e+00	3.80000000e-07	3.500000e-07	1.0000	0.0000	0.0000	0.0000	1.0000	0.0000	0.0000	0.0000	1.0000	0.0	0.0	0.0	2.000	2.000	2.500
k1.26	step	0.0	0.00000000e+00	3.80000000e-07	3.250000e-07	1.0000	0.0000	0.0000	0.0000	1.0000	0.0000	0.0000	0.0000	1.0000	0.0	0.0	0.0	2.000	2.000	2.500
k1.27	step	0.0	0.00000000e+00	3.80000000e-07	3.000000e-07	1.0000	0.0000	0.0000	0.0000	1.0000	0.0000	0.0000	0.0000	1.0000	0.0	0.0	0.0	2.000	2.000	2.500
k1.28	step	0.0	0.00000000e+00	3.80000000e-07	2.750000e-07	1.0000	0.0000	0.0000	0.0000	1.0000	0.0000	0.0000	0.0000	1.0000	0.0	0.0	0.0	2.000	2.000	2.500
k1.29	step	0.0	0.00000000e+00	3.80000000e-07	2.500000e-07	1.0000	0.0000	0.0000	0.0000	1.0000	0.0000	0.0000	0.0000	1.0000	0.0	0.0	0.0	2.000	2.000	2.500
k1.30	step	0.0	0.00000000e+00	3.80000000e-07	2.250000e-07	1.0000	0.0000	0.0000	0.0000	1.0000	0.0000	0.0000	0.0000	1.0000	0.0	0.0	0.0	2.000	2.000	2.500
k1.31	step	0.0	0.00000000e+00	3.80000000e-07	2.000000e-07	1.0000	0.0000	0.0000	0.0000	1.0000	0.0000	0.0000	0.0000	1.0000	0.0	0.0	0.0	2.000	2.000	2.500
k1.32	step	0.0	0.00000000e+00	3.80000000e-07	1.750000e-07	1.0000	0.0000	0.0000	0.0000	1.0000	0.0000	0.0000	0.0000	1.0000	0.0	0.0	0.0	2.000	2.000	2.500
k1.33	step	0.0	0.00000000e+00	3.80000000e-07	1.500000e-07	1.0000	0.0000	0.0000	0.0000	1.0000	0.0000	0.0000	0.0000	1.0000	0.0	0.0	0.0	2.000	2.000	2.500
k1.34	step	0.0	0.00000000e+00	3.80000000e-07	1.250000e-07	1.0000	0.0000	0.0000	0.0000	1.0000	0.0000	0.0000	0.0000	1.0000	0.0	0.0	0.0	2.000	2.000	2.500
k1.35	step	0.0	0.00000000e+00	3.80000000e-07	1.000000e-07	1.0000	0.0000	0.0000	0.0000	1.0000	0.0000	0.0000	0.0000	1.0000	0.0	0.0	0.0	2.000	2.000	2.500
k1.36	step	0.0	0.00000000e+00	3.80000000e-07	7.500000e-08	1.0000	0.0000	0.0000	0.0000	1.0000	0.0000	0.0000	0.0000	1.0000	0.0	0.0	0.0	2.000	2.000	2.500
k1.37	step	0.0	0.00000000e+00	3.80000000e-07	5.000000e-08	1.0000	0.0000	0.0000	0.0000	1.0000	0.0000	0.0000	0.0000	1.0000	0.0	0.0	0.0	2.000	2.000	2.500
k1.38	step	0.0	0.00000000e+00	3.80000000e-07	2.500000e-08	1.0000	0.0000	0.0000	0.0000	1.0000	0.0000	0.0000	0.0000	1.0000	0.0	0.0	0.0	2.000	2.000	2.500
k1.39	step	0.0	0.00000000e+00	3.80000000e-07	0.000000e+00	1.0000	0.0000	0.0000	0.0000	1.0000	0.0000	0.0000	0.0000	1.0000	0.0	0.0	0.0	2.000	2.000	2.500
k1.40	step	0.0	0.00000000e+00	3.80000000e-07	-2.500000e-08	1.0000	0.0000	0.0000	0.0000	1.0000	0.0000	0.0000	0.0000	1.0000	0.0	0.0	0.0	2.000	2.000	2.500
k1.41	step	0.0	0.00000000e+00	3.80000000e-07	-5.000000e-08	1.0000	0.0000	0.0000	0.0000	1.0000	0.0000	0.0000	0.0000	1.0000	0.0	0.0	0.0	2.000	2.000	2.500
k1.42	step	0.0	0.00000000e+00	3.80000000e-07	-7.500000e-08	1.0000	0.0000	0.0000	0.0000	1.0000	0.0000	0.0000	0.0000	1.0000	0.0	0.0	0.0	2.000	2.000	2.500
k1.43	step	0.0	0.00000000e+00	3.80000000e-07	-1.000000e-07	1.0000	0.0000	0.0000	0.0000	1.0000	0.0000	0.0000	0.0000	1.0000	0.0	0.0	0.0	2.000	2.000	2.500
k1.44	step	0.0	0.00000000e+00	3.80000000e-07	-1.250000e-07	1.0000	0.0000	0.0000	0.0000	1.0000	0.0000	0.0000	0.0000	1.0000	0.0	0.0	0.0	2.000	2.000	2.500
k1.45	step	0.0	0.00000000e+00	3.80000000e-07	-1.500000e-07	1.0000	0.0000	0.0000	0.0000	1.0000	0.0000	0.0000	0.0000	1.0000	0.0	0.0	0.0	2.000	2.000	2.500
k1.46	step	0.0	0.00000000e+00	3.80000000e-07	-1.750000e-07	1.0000	0.0000	0.0000	0.0000	1.0000	0.0000	0.0000	0.0000	1.0000	0.0	0.0	0.0	2.000	2.000	2.500
k1.47	step	0.0	0.00000000e+00	3.80000000e-07	-2.000000e-07	1.0000	0.0000	0.0000	0.0000	1.0000	0.0000	0.0000	0.0000	1.0000	0.0	0.0	0.0	2.000	2.000	2.500
k1.48	step	0.0	0.00000000e+00	3.80000000e-07	-2.250000e-07	1.0000	0.0000	0.0000	0.0000	1.0000	0.0000	0.0000	0.0000	1.0000	0.0	0.0	0.0	2.000	2.000	2.500
k1.49	step	0.0	0.00000000e+00	3.80000000e-07	-2.500000e-07	1.0000	0.0000	0.0000	0.0000	1.0000	0.0000	0.0000	0.0000	1.0000	0.0	0.0	0.0	2.000	2.000	2.500
k1.50	step	0.0	0.00000000e+00	3.80000000e-07	-2.750000e-07	1.0000	0.0000	0.0000	0.0000	1.0000	0.0000	0.0000	0.0000	1.0000	0.0	0.0	0.0	2.000	2.000	2.500
k1.51	step	0.0	0.00000000e+00	3.80000000e-07	-3.000000e-07	1.0000	0.0000	0.0000	0.0000	1.0000	0.0000	0.0000	0.0000	1.0000	0.0	0.0	0.0	2.000	2.000	2.500
k1.52	step	0.0	0.00000000e+00	3.80000000e-07	-3.250000e-07	1.0000	0.0000	0.0000	0.0000	1.0000	0.0000	0.0000	0.0000	1.0000	0.0	0.0	0.0	2.000	2.000	2.500
k1.53	step	0.0	0.00000000e+00	3.80000000e-07	-3.500000e-07	1.0000	0.0000	0.0000	0.0000	1.0000	0.0000	0.0000	0.0000	1.0000	0.0	0.0	0.0	2.000	2.000	2.500
k1.54	step	0.0	0.00000000e+00	3.80000000e-07	-3.750000e-07	1.0000	0.0000	0.0000	0.0000	1.0000	0.0000	0.0000	0.0000	1.0000	0.0	0.0	0.0	2.000	2.000	2.500
k1.55	step	0.0	0.00000000e+00	3.80000000e-07	-4.000000e-07	1.0000	0.0000	0.0000	0.0000	1.0000	0.0000	0.0000	0.0000	1.0000	0.0	0.0	0.0	2.000	2.000	2.500
k1.56	step	0.0	0.00000000e+00	3.80000000e-07	-4.250000e-07	1.0000	0.0000	0.0000	0.0000	1.0000	0.0000	0.0000	0.0000	1.0000	0.0	0.0	0.0	2.000	2.000	2.500
k1.57	step	0.0	0.00000000e+00	3.80000000e-07	-4.500000e-07	1.0000	0.0000	0.0000	0.0000	1.0000	0.0000	0.0000	0.0000	1.0000	0.0	0.0	0.0	2.000	2.000	2.500
k1.58	step	0.0	0.00000000e+00	3.80000000e-07	-4.750000e-07	1.0000	0.0000	0.0000	0.0000	1.0000	0.0000	0.0000	0.0000	1.0000	0.0	0.0	0.0	2.000	2.000	2.500
k1.59	step	0.0	0.00000000e+00	3.80000000e-07	-5.000000e-07	1.0000	0.0000	0.0000	0.0000	1.0000	0.0000	0.0000	0.0000	1.0000	0.0	0.0	0.0	2.000	2.000	2.500
k1.60	step	0.0	0.00000000e+00	3.80000000e-07	-5.250000e-07	1.0000	0.0000	0.0000	0.0000	1.0000	0.0000	0.0000	0.0000	1.0000	0.0	0.0	0.0	2.000	2.000	2.500
k1.61	step	0.0	0.00000000e+00	3.80000000e-07	-5.500000e-07	1.0000	0.0000	0.0000	0.0000	1.0000	0.0000	0.0000	0.0000	1.0000	0.0	0.0	0.0	2.000	2.000	2.500
k1.62	step	0.0	0.00000000e+00	3.80000000e-07	-5.750000e-07	1.0000	0.0000	0.0000	0.0000	1.0000	0.0000	0.0000	0.0000	1.0000	0.0	0.0	0.0	2.000	2.000	2.500
k1.63	step	0.0	0.00000000e+00	3.80000000e-07	-6.000000e-07	1.0000	0.0000	0.0000	0.0000	1.0000	0.0000	0.0000	0.0000	1.0000	0.0	0.0	0.0	2.000	2.000	2.500
k1.64	step	0.0	0.00000000e+00	3.80000000e-07	-6.250000e-07	1.0000	0.0000	0.0000	0.0000	1.0000	0.0000	0.0000	0.0000	1.0000	0.0	0.0	0.0	2.000	2.000	2.500
k1.65	step	0.0	0.00000000e+00	3.80000000e-07	-6.500000e-07	1.0000	0.0000	0.0000	0.0000	1.0000	0.0000	0.0000	0.0000	1.0000	0.0	0.0	0.0	2.000	2.000	2.500
k1.66	step	0.0	0.00000000e+00	3.80000000e-07	-6.750000e-07	1.0000	0.0000	0.0000	0.0000	1.0000	0.0000	0.0000	0.0000	1.0000	0.0	0.0	0.0	2.000	2.000	2.500
k1.67	step	0.0	0.00000000e+00	3.80000000e-07	-7.000000e-07	1.0000	0.0000	0.0000	0.0000	1.0000	0.0000	0.0000	0.0000	1.0000	0.0	0.0	0.0	2.000	2.000	2.500
k1.68	step	0.0	0.00000000e+00	3.80000000e-07	-7.250000e-07	1.0000	0.0000	0.0000	0.0000	1.0000	0.0000	0.0000	0.0000	1.0000	0.0	0.0	0.0	2.000	2.000	2.500
k1.69	step	0.0	0.00000000e+00	3.80000000e-07	-7.500000e-07	1.0000	0.0000	0.0000	0.0000	1.0000	0.0000	0.0000	0.0000	1.0000	0.0	0.0	0.0	2.000	2.000	2.500
k1.70	step	0.0	0.00000000e+00	3.80000000e-07	-7.750000e-07	1.0000	0.0000	0.0000	0.0000	1.0000	0.0000	0.0000	0.0000	1.0000	0.0	0.0	0.0	2.000	2.000	2.500
k1.71	step	0.0	0.00000000e+00	3.80000000e-07	-8.000000e-07	1.0000	0.0000	0.0000	0.0000	1.0000	0.0000	0.0000	0.0000	1.0000	0.0	0.0	0.0	2.000	2.000	2.500
k1.72	step	0.0	0.00000000e+00	3.80000000e-07	-8.250000e-07	1.0000	0.0000	0.0000	0.0000	1.0000	0.0000	0.0000	0.0000	1.0000	0.0	0.0	0.0	2.000	2.000	2.500
k1.73	step	0.0	0.00000000e+00	3.80000000e-07	-8.500000e-07	1.0000	0.0000	0.0000	0.0000	1.0000	0.0000	0.0000	0.0000	1.0000	0.0	0.0	0.0	2.000	2.000	2.500
k1.74	step	0.0	0.00000000e+00	3.80000000e-07	-8.750000e-07	1.0000	0.0000	0.0000	0.0000	1.0000	0.0000	0.0000	0.0000	1.0000	0.0	0.0	0.0	2.000	2.000	2.500
k1.75	step	0.0	0.00000000e+00	3.80000000e-07	-9.000000e-07	1.0000	0.0000	0.0000	0.0000	1.0000	0.0000	0.0000	0.0000	1.0000	0.0	0.0	0.0	2.000	2.000	2.500
k1.76	step	0.0	0.00000000e+00	3.80000000e-07	-9.250000e-07	1.0000	0.0000	0.0000	0.0000	1.0000	0.0000	0.0000	0.0000	1.0000	0.0	0.0	0.0	2.000	2.000	2.500
k1.77	step	0.0	0.00000000e+00	3.80000000e-07	-9.500000e-07	1.0000	0.0000	0.0000	0.0000	1.0000	0.0000	0.0000	0.0000	1.0000	0.0	0.0	0.0	2.000	2.000	2.500
k1.78	step	0.0	0.00000000e+00	3.80000000e-07	-9.750000e-07	1.0000	0.0000	0.0000	0.0000	1.0000	0.0000	0.0000	0.0000	1.0000	0.0	0.0	0.0	2.000	2.000	2.500
k1.79	step	0.0	0.00000000e+00	3.80000000e-07	-1.000000e-06	1.0000	0.0000	0.0000	0.0000	1.0000	0.0000	0.0000	0.0000	1.0000	0.0	0.0	0.0	2.000	2.000	2.500
k1.80	step	0.0	0.00000000e+00	3.80000000e-07	-1.025000e-06	1.0000	0.0000	0.0000	0.0000	1.0000	0.0000	0.0000	0.0000	1.0000	0.0	0.0	0.0	2.000	2.000	2.500
k1.81	step	0.0	0.00000000e+00	3.80000000e-07	-1.050000e-06	1.0000	0.0000	0.0000	0.0000	1.0000	0.0000	0.0000	0.0000	1.0000	0.0	0.0	0.0	2.000	2.000	2.500
k1.82	step	0.0	0.00000000e+00	3.80000000e-07	-1.075000e-06	1.0000	0.0000	0.0000	0.0000	1.0000	0.0000	0.0000	0.0000	1.0000	0.0	0.0	0.0	2.000	2.000	2.500
k1.83	step	0.0	0.00000000e+00	3.80000000e-07	-1.100000e-06	1.0000	0.0000	0.0000	0.0000	1.0000	0.0000	0.0000	0.0000	1.0000	0.0	0.0	0.0	2.000	2.000	2.500
k1.84	step	0.0	0.00000000e+00	3.80000000e-07	-1.125000e-06	1.0000	0.0000	0.0000	0.0000	1.0000	0.0000	0.0000	0.0000	1.0000	0.0	0.0	0.0	2.000	2.000	2.500
k1.85	step	0.0	0.00000000e+00	3.80000000e-07	-1.150000e-06	1.0000	0.0000	0.0000	0.0000	1.0000	0.0000	0.0000	0.0000	1.0000	0.0	0.0	0.0	2.000	2.000	2.500
k1.86	step	0.0	0.00000000e+00	3.80000000e-07	-1.175000e-06	1.0000	0.0000	0.0000	0.0000	1.0000	0.0000	0.0000	0.0000	1.0000	0.0	0.0	0.0	2.000	2.000	2.500
k1.87	step	0.0	0.00000000e+00	3.80000000e-07	-1.200000e-06	1.0000	0.0000	0.0000	0.0000	1.0000	0.0000	0.0000	0.0000	1.0000	0.0	0.0	0.0	2.000	2.000	2.500
k1.88	step	0.0	0.00000000e+00	3.80000000e-07	-1.225000e-06	1.0000	0.0000	0.0000	0.0000	1.0000	0.0000	0.0000	0.0000	1.0000	0.0	0.0	0.0	2.000	2.000	2.500
k1.89	step	0.0	0.00000000e+00	3.80000000e-07	-1.250000e-06	1.0000	0.0000	0.0000	0.0000	1.0000	0.0000	0.0000	0.0000	1.0000	0.0	0.0	0.0	2.000	2.000	2.500
k1.90	step	0.0	0.00000000e+00	3.80000000e-07	-1.275000e-06	1.0000	0.0000	0.0000	0.0000	1.0000	0.0000	0.0000	0.0000	1.0000	0.0	0.0	0.0	2.000	2.000	2.500
k1.91	step	0.0	0.00000000e+00	3.80000000e-07	-1.300000e-06	1.0000	0.0000	0.0000	0.0000	1.0000	0.0000	0.0000	0.0000	1.0000	0.0	0.0	0.0	2.000	2.000	2.500
k1.92	step	0.0	0.00000000e+00	3.80000000e-07	-1.325000e-06	1.0000	0.0000	0.0000	0.0000	1.0000	0.0000	0.0000	0.0000	1.0000	0.0	0.0	0.0	2.000	2.000	2.500
k1.93	step	0.0	0.00000000e+00	3.80000000e-07	-1.350000e-06	1.0000	0.0000	0.0000	0.0000	1.0000	0.0000	0.0000	0.0000	1.0000	0.0	0.0	0.0	2.000	2.000	2.500
k1.94	step	0.0	0.00000000e+00	3.80000000e-07	-1.375000e-06	1.0000	0.0000	0.0000	0.0000	1.0000	0.0000	0.0000	0.0000	1.0000	0.0	0.0	0.0	2.000	2.000	2.500
k1.95	step	0.0	0.00000000e+00	3.80000000e-07	-1.400000e-06	1.0000	0.0000	0.0000	0.0000	1.0000	0.0000	0.0000	0.0000	1.0000	0.0	0.0	0.0	2.000	2.000	2.500
k1.96	step	0.0	0.00000000e+00	3.80000000e-07	-1.425000e-06	1.0000	0.0000	0.0000	0.0000	1.0000	0.0000	0.0000	0.0000	1.0000	0.0	0.0	0.0	2.000	2.000	2.500
k1.97	step	0.0	0.00000000e+00	3.80000000e-07	-1.450000e-06	1.0000	0.0000	0.0000	0.0000	1.0000	0.0000	0.0000	0.0000	1.0000	0.0	0.0	0.0	2.000	2.000	2.500
k1.98	step	0.0	0.00000000e+00	3.80000000e-07	-1.475000e-06	1.0000	0.0000	0.0000	0.0000	1.0000	0.0000	0.0000	0.0000	1.0000	0.0	0.0	0.0	2.000	2.000	2.500
k1.99	step	0.0	0.00000000e+00	3.80000000e-07	-1.500000e-06	1.0000	0.0000	0.0000	0.0000	1.0000	0.0000	0.0000	0.0000	1.0000	0.0	0.0	0.0	2.000	2.000	2.500
k1.100	step	0.0	0.00000000e+00	3.80000000e-07	-1.525000e-06	1.0000	0.0000	0.0000	0.0000	1.0000	0.0000	0.0000	0.0000	1.0000	0.0	0.0	0.0	2.000	2.000	2.500
k1.101	step	0.0	0.00000000e+00	3.80000000e-07	-1.550000e-06	1.0000	0.0000	0.0000	0.0000	1.0000	0.0000	0.0000	0.0000	1.0000	0.0	0.0	0.0	2.000	2.000	2.500
k1.102	step	0.0	0.00000000e+00	3.80000000e-07	-1.575000e-06	1.0000	0.0000	0.0000	0.0000	1.0000	0.0000	0.0000	0.0000	1.0000	0.0	0.0	0.0	2.000	2.000	2.500
k1.103	step	0.0	0.00000000e+00	3.80000000e-07	-1.600000e-06	1.0000	0.0000	0.0000	0.0000	1.0000	0.0000	0.0000	0.0000	1.0000	0.0	0.0	0.0	2.000	2.000	2.500
k1.104	step	0.0	0.00000000e+00	3.80000000e-07	-1.625000e-06	1.0000	0.0000	0.0000	0.0000	1.0000	0.0000	0.0000	0.0000	1.0000	0.0	0.0	0.0	2.000	2.000	2.500
k1.105	step	0.0	0.00000000e+00	3.80000000e-07	-1.650000e-06	1.0000	0.0000	0.0000	0.0000	1.0000	0.0000	0.0000	0.0000	1.0000	0.0	0.0	0.0	2.000	2.000	2.500
k1.106	step	0.0	0.00000000e+00	3.80000000e-07	-1.675000e-06	1.0000	0.0000	0.0000	0.0000	1.0000	0.0000	0.0000	0.0000	1.0000	0.0	0.0	0.0	2.000	2.000	2.500
k1.107	step	0.0	0.00000000e+00	3.80000000e-07	-1.700000e-06	1.0000	0.0000	0.0000	0.0000	1.0000	0.0000	0.0000	0.0000	1.0000	0.0	0.0	0.0	2.000	2.000	2.500
k1.108	step	0.0	0.00000000e+00	3.80000000e-07	-1.725000e-06	1.0000	0.0000	0.0000	0.0000	1.0000	0.0000	0.0000	0.0000	1.0000	0.0	0.0	0.0	2.000	2.000	2.500
k1.109	step	0.0	0.00000000e+00	3.80000000e-07	-1.750000e-06	1.0000	0.0000	0.0000	0.0000	1.0000	0.0000	0.0000	0.0000	1.0000	0.0	0.0	0.0	2.000	2.000	2.500
k1.110	step	0.0	0.00000000e+00	3.80000000e-07	-1.775000e-06	1.0000	0.0000	0.0000	0.0000	1.0000	0.0000	0.0000	0.0000	1.0000	0.0	0.0	0.0	2.000	2.000	2.500
k1.111	step	0.0	0.00000000e+00	3.80000000e-07	-1.800000e-06	1.0000	0.0000	0.0000	0.0000	1.0000	0.0000	0.0000	0.0000	1.0000	0.0	0.0	0.0	2.000	2.000	2.500
k1.112	step	0.0	0.00000000e+00	3.80000000e-07	-1.825000e-06	1.0000	0.0000	0.0000	0.0000	1.0000	0.0000	0.0000	0.0000	1.0000	0.0	0.0	0.0	2.000	2.000	2.500
k1.113	step	0.0	0.00000000e+00	3.80000000e-07	-1.850000e-06	1.0000	0.0000	0.0000	0.0000	1.0000	0.0000	0.0000	0.0000	1.0000	0.0	0.0	0.0	2.000	2.000	2.500
k1.114	step	0.0	0.00000000e+00	3.80000000e-07	-1.875000e-06	1.0000	0.0000	0.0000	0.0000	1.0000	0.0000	0.0000	0.0000	1.0000	0.0	0.0	0.0	2.000	2.000	2.500
k1.115	step	0.0	0.00000000e+00	3.80000000e-07	-1.900000e-06	1.0000	0.0000	0.0000	0.0000	1.0000	0.0000	0.0000	0.0000	1.0000	0.0	0.0	0.0	2.000	2.000	2.500
k1.116	step	0.0	0.00000000e+00	3.80000000e-07	-1.925000e-06	1.0000	0.0000	0.0000	0.0000	1.0000	0.0000	0.0000	0.0000	1.0000	0.0	0.0	0.0	2.000	2.000	2.500
k1.117	step	0.0	0.00000000e+00	3.80000000e-07	-1.950000e-06	1.0000	0.0000	0.0000	0.0000	1.0000	0.0000	0.0000	0.0000	1.0000	0.0	0.0	0.0	2.000	2.000	2.500
k1.118	step	0.0	0.00000000e+00	3.80000000e-07	-1.975000e-06	1.0000	0.0000	0.0000	0.0000	1.0000	0.0000	0.0000	0.0000	1.0000	0.0	0.0	0.0	2.000	2.000	2.500
k1.119	step	0.0	0.00000000e+00	3.80000000e-07	-2.000000e-06	1.0000	0.0000	0.0000	0.0000	1.0000	0.0000	0.0000	0.0000	1.0000	0.0	0.0	0.0	2.000	2.000	2.500
k1.120	step	0.0	0.00000000e+00	3.80000000e-07	-2.025000e-06	1.0000	0.0000	0.0000	0.0000	1.0000	0.0000	0.0000	0.0000	1.0000	0.0	0.0	0.0	2.000	2.000	2.500
k1.121	step	0.0	0.00000000e+00	3.80000000e-07	-2.050000e-06	1.0000	0.0000	0.0000	0.0000	1.0000	0.0000	0.0000	0.0000	1.0000	0.0	0.0	0.0	2.000	2.000	2.500
k1.122	step	0.0	0.00000000e+00	3.80000000e-07	-2.075000e-06	1.0000	0.0000	0.0000	0.0000	1.0000	0.0000	0.0000	0.0000	1.0000	0.0	0.0	0.0	2.000	2.000	2.500
k1.123	step	0.0	0.00000000e+00	3.80000000e-07	-2.100000e-06	1.0000	0.0000	0.0000	0.0000	1.0000	0.0000	0.0000	0.0000	1.0000	0.0	0.0	0.0	2.000	2.000	2.500
k1.124	step	0.0	0.00000000e+00	3.80000000e-07	-2.125000e-06	1.0000	0.0000	0.0000	0.0000	1.0000	0.0000	0.0000	0.0000	1.0000	0.0	0.0	0.0	2.000	2.000	2.500
k1.125	step	0.0	0.00000000e+00	3.80000000e-07	-2.150000e-06	1.0000	0.0000	0.0000	0.0000	1.0000	0.0000	0.0000	0.0000	1.0000	0.0	0.0	0.0	2.000	2.000	2.500
k1.126	step	0.0	0.00000000e+00	3.80000000e-07	-2.175000e-06	1.0000	0.0000	0.0000	0.0000	1.0000	0.0000	0.0000	0.0000	1.0000	0.0	0.0	0.0	2.000	2.000	2.500
k1.127	step	0.0	0.00000000e+00	3.80000000e-07	-2.200000e-06	1.0000	0.0000	0.0000	0.0000	1.0000	0.0000	0.0000	0.0000	1.0000	0.0	0.0	0.0	2.000	2.000	2.500
k1.128	step	0.0	0.00000000e+00	3.80000000e-07	-2.225000e-06	1.0000	0.0000	0.0000	0.0000	1.0000	0.0000	0.0000	0.0000	1.0000	0.0	0.0	0.0	2.000	2.000	2.500
k1.129	step	0.0	0.00000000e+00	3.80000000e-07	-2.250000e-06	1.0000	0.0000	0.0000	0.0000	1.0000	0.0000	0.0000	0.0000	1.0000	0.0	0.0	0.0	2.000	2.000	2.500
k1.130	step	0.0	0.00000000e+00	3.80000000e-07	-2.275000e-06	1.0000	0.0000	0.0000	0.0000	1.0000	0.0000	0.0000	0.0000	1.0000	0.0	0.0	0.0	2.000	2.000	2.500
k1.131	step	0.0	0.00000000e+00	3.80000000e-07	-2.300000e-06	1.0000	0.0000	0.0000	0.0000	1.0000	0.0000	0.0000	0.0000	1.0000	0.0	0.0	0.0	2.000	2.000	2.500
k1.132	step	0.0	0.00000000e+00	3.80000000e-07	-2.325000e-06	1.0000	0.0000	0.0000	0.0000	1.0000	0.0000	0.0000	0.0000	1.0000	0.0	0.0	0.0	2.000	2.000	2.500
k1.133	step	0.0	0.00000000e+00	3.80000000e-07	-2.350000e-06	1.0000	0.0000	0.0000	0.0000	1.0000	0.0000	0.0000	0.0000	1.0000	0.0	0.0	0.0	2.000	2.000	2.500
k1.134	step	0.0	0.00000000e+00	3.80000000e-07	-2.375000e-06	1.0000	0.0000	0.0000	0.0000	1.0000	0.0000	0.0000	0.0000	1.0000	0.0	0.0	0.0	2.000	2.000	2.500
k1.135	step	0.0	0.00000000e+00	3.80000000e-07	-2.400000e-06	1.0000	0.0000	0.0000	0.0000	1.0000	0.0000	0.0000	0.0000	1.0000	0.0	0.0	0.0	2.000	2.000	2.500
k1.136	step	0.0	0.00000000e+00	3.80000000e-07	-2.425000e-06	1.0000	0.0000	0.0000	0.0000	1.0000	0.0000	0.0000	0.0000	1.0000	0.0	0.0	0.0	2.000	2.000	2.500
k1.137	step	0.0	0.00000000e+00	3.80000000e-07	-2.450000e-06	1.0000	0.0000	0.0000	0.0000	1.0000	0.0000	0.0000	0.0000	1.0000	0.0	0.0	0.0	2.000	2.000	2.500
k1.138	step	0.0	0.00000000e+00	3.80000000e-07	-2.475000e-06	1.0000	0.0000	0.0000	0.0000	1.0000	0.0000	0.0000	0.0000	1.0000	0.0	0.0	0.0	2.000	2.000	2.500
k1.139	step	0.0	0.00000000e+00	3.80000000e-07	-2.500000e-06	1.0000	0.0000	0.0000	0.0000	1.0000	0.0000	0.0000	0.0000	1.0000	0.0	0.0	0.0	2.000	2.000	2.500
k1.140	step	0.0	0.00000000e+00	3.80000000e-07	-2.525000e-06	1.0000	0.0000	0.0000	0.0000	1.0000	0.0000	0.0000	0.0000	1.0000	0.0	0.0	0.0	2.000	2.000	2.500
k1.141	step	0.0	0.00000000e+00	3.80000000e-07	-2.550000e-06	1.0000	0.0000	0.0000	0.0000	1.0000	0.0000	0.0000	0.0000	1.0000	0.0	0.0	0.0	2.000	2.000	2.500
k1.142	step	0.0	0.00000000e+00	3.80000000e-07	-2.575000e-06	1.0000	0.0000	0.0000	0.0000	1.0000	0.0000	0.0000	0.0000	1.0000	0.0	0.0	0.0	2.000	2.000	2.500
k1.143	step	0.0	0.00000000e+00	3.80000000e-07	-2.600000e-06	1.0000	0.0000	0.0000	0.0000	1.0000	0.0000	0.0000	0.0000	1.0000	0.0	0.0	0.0	2.000	2.000	2.500
k1.144	step	0.0	0.00000000e+00	3.80000000e-07	-2.625000e-06	1.0000	0.0000	0.0000	0.0000	1.0000	0.0000	0.0000	0.0000	1.0000	0.0	0.0	0.0	2.000	2.000	2.500
k1.145	step	0.0	0.00000000e+00	3.80000000e-07	-2.650000e-06	1.0000	0.0000	0.0000	0.0000	1.0000	0.0000	0.0000	0.0000	1.0000	0.0	0.0	0.0	2.000	2.000	2.500
k1.146	step	0.0	0.00000000e+00	3.80000000e-07	-2.675000e-06	1.0000	0.0000	0.0000	0.0000	1.0000	0.0000	0.0000	0.0000	1.0000	0.0	0.0	0.0	2.000	2.000	2.500
k1.147	step	0.0	0.00000000e+00	3.80000000e-07	-2.700000e-06	1.0000	0.0000	0.0000	0.0000	1.0000	0.0000	0.0000	0.0000	1.0000	0.0	0.0	0.0	2.000	2.000	2.500
k1.148	step	0.0	0.00000000e+00	3.80000000e-07	-2.725000e-06	1.0000	0.0000	0.0000	0.0000	1.0000	0.0000	0.0000	0.0000	1.0000	0.0	0.0	0.0	2.000	2.000	2.500
k1.149	step	0.0	0.00000000e+00	3.80000000e-07	-2.750000e-06	1.0000	0.0000	0.0000	0.0000	1.0000	0.0000	0.0000	0.0000	1.0000	0.0	0.0	0.0	2.000	2.000	2.500
k1.150	step	0.0	0.00000000e+00	3.80000000e-07	-2.775000e-06	1.0000	0.0000	0.0000	0.0000	1.0000	0.0000	0.0000	0.0000	1.0000	0.0	0.0	0.0	2.000	2.000	2.500
k1.151	step	0.0	0.00000000e+00	3.80000000e-07	-2.800000e-06	1.0000	0.0000	0.0000	0.0000	1.0000	0.0000	0.0000	0.0000	1.0000	0.0	0.0	0.0	2.000	2.000	2.500
k1.152	step	0.0	0.00000000e+00	3.80000000e-07	-2.825000e-06	1.0000	0.0000	0.0000	0.0000	1.0000	0.0000	0.0000	0.0000	1.0000	0.0	0.0	0.0	2.000	2.000	2.500
k1.153	step	0.0	0.00000000e+00	3.80000000e-07	-2.850000e-06	1.0000	0.0000	0.0000	0.0000	1.0000	0.0000	0.0000	0.0000	1.0000	0.0	0.0	0.0	2.000	2.000	2.500
k1.154	step	0.0	0.00000000e+00	3.80000000e-07	-2.875000e-06	1.0000	0.0000	0.0000	0.0000	1.0000	0.0000	0.0000	0.0000	1.0000	0.0	0.0	0.0	2.000	2.000	2.500
k1.155	step	0.0	0.00000000e+00	3.80000000e-07	-2.900000e-06	1.0000	0.0000	0.0000	0.0000	1.0000	0.0000	0.0000	0.0000	1.0000	0.0	0.0	0.0	2.000	2.000	2.500
k1.156	step	0.0	0.00000000e+00	3.80000000e-07	-2.925000e-06	1.0000	0.0000	0.0000	0.0000	1.0000	0.0000	0.0000	0.0000	1.0000	0.0	0.0	0.0	2.000	2.000	2.500
k1.157	step	0.0	0.00000000e+00	3.80000000e-07	-2.950000e-06	1.0000	0.0000	0.0000	0.0000	1.0000	0.0000	0.0000	0.0000	1.0000	0.0	0.0	0.0	2.000	2.000	2.500
k1.158	step	0.0	0.00000000e+00	3.80000000e-07	-2.975000e-06	1.0000	0.0000	0.0000	0.0000	1.0000	0.0000	0.0000	0.0000	1.0000	0.0	0.0	0.0	2.000	2.000	2.500
k1.159	step	0.0	0.00000000e+00	3.80000000e-07	-3.000000e-06	1.0000	0.0000	0.0000	0.0000	1.0000	0.0000	0.0000	0.0000	1.0000	0.0	0.0	0.0	2.000	2.000	2.500
k1.160	step	0.0	0.00000000e+00	3.80000000e-07	-3.025000e-06	1.0000	0.0000	0.0000	0.0000	1.0000	0.0000	0.0000	0.0000	1.0000	0.0	0.0	0.0	2.000	2.000	2.500
k1.161	step	0.0	0.00000000e+00	3.80000000e-07	-3.050000e-06	1.0000	0.0000	0.0000	0.0000	1.0000	0.0000	0.0000	0.0000	1.0000	0.0	0.0	0.0	2.000	2.000	2.500
k1.162	step	0.0	0.00000000e+00	3.80000000e-07	-3.075000e-06	1.0000	0.0000	0.0000	0.0000	1.0000	0.0000	0.0000	0.0000	1.0000	0.0	0.0	0.0	2.000	2.000	2.500
k1.163	step	0.0	0.00000000e+00	3.80000000e-07	-3.100000e-06	1.0000	0.0000	0.0000	0.0000	1.0000	0.0000	0.0000	0.0000	1.0000	0.0	0.0	0.0	2.000	2.000	2.500
k1.164	step	0.0	0.00000000e+00	3.80000000e-07	-3.125000e-06	1.0000	0.0000	0.0000	0.0000	1.0000	0.0000	0.0000	0.0000	1.0000	0.0	0.0	0.0	2.000	2.000	2.500
k1.165	step	0.0	0.00000000e+00	3.80000000e-07	-3.150000e-06	1.0000	0.0000	0.0000	0.0000	1.0000	0.0000	0.0000	0.0000	1.0000	0.0	0.0	0.0	2.000	2.000	2.500
k1.166	step	0.0	0.00000000e+00	3.80000000e-07	-3.175000e-06	1.0000	0.0000	0.0000	0.0000	1.0000	0.0000	0.0000	0.0000	1.0000	0.0	0.0	0.0	2.000	2.000	2.500
k1.167	step	0.0	0.00000000e+00	3.80000000e-07	-3.200000e-06	1.0000	0.0000	0.0000	0.0000	1.0000	0.0000	0.0000	0.0000	1.0000	0.0	0.0	0.0	2.000	2.000	2.500
k1.168	step	0.0	0.00000000e+00	3.80000000e-07	-3.225000e-06	1.0000	0.0000	0.0000	0.0000	1.0000	0.0000	0.0000	0.0000	1.0000	0.0	0.0	0.0	2.000	2.000	2.500
k1.169	step	0.0	0.00000000e+00	3.80000000e-07	-3.250000e-06	1.0000	0.0000	0.0000	0.0000	1.0000	0.0000	0.0000	0.0000	1.0000	0.0	0.0	0.0	2.000	2.000	2.500
k1.170	step	0.0	0.00000000e+00	3.80000000e-07	-3.275000e-06	1.0000	0.0000	0.0000	0.0000	1.0000	0.0000	0.0000	0.0000	1.0000	0.0	0.0	0.0	2.000	2.000	2.500
k1.171	step	0.0	0.00000000e+00	3.80000000e-07	-3.300000e-06	1.0000	0.0000	0.0000	0.0000	1.0000	0.0000	0.0000	0.0000	1.0000	0.0	0.0	0.0	2.000	2.000	2.500
k1.172	step	0.0	0.00000000e+00	3.80000000e-07	-3.325000e-06	1.0000	0.0000	0.0000	0.0000	1.0000	0.0000	0.0000	0.0000	1.0000	0.0	0.0	0.0	2.000	2.000	2.500
k1.173	step	0.0	0.00000000e+00	3.80000000e-07	-3.350000e-06	1.0000	0.0000	0.0000	0.0000	1.0000	0.0000	0.0000	0.0000	1.0000	0.0	0.0	0.0	2.000	2.000	2.500
k1.174	step	0.0	0.00000000e+00	3.80000000e-07	-3.375000e-06	1.0000	0.0000	0.0000	0.0000	1.0000	0.0000	0.0000	0.0000	1.0000	0.0	0.0	0.0	2.000	2.000	2.500
k1.175	step	0.0	0.00000000e+00	3.80000000e-07	-3.400000e-06	1.0000	0.0000	0.0000	0.0000	1.0000	0.0000	0.0000	0.0000	1.0000	0.0	0.0	0.0	2.000	2.000	2.500
k1.176	step	0.0	0.00000000e+00	3.80000000e-07	-3.425000e-06	1.0000	0.0000	0.0000	0.0000	1.0000	0.0000	0.0000	0.0000	1.0000	0.0	0.0	0.0	2.000	2.000	2.500
k1.177	step	0.0	0.00000000e+00	3.80000000e-07	-3.450000e-06	1.0000	0.0000	0.0000	0.0000	1.0000	0.0000	0.0000	0.0000	1.0000	0.0	0.0	0.0	2.000	2.000	2.500
k1.178	step	0.0	0.00000000e+00	3.80000000e-07	-3.475000e-06	1.0000	0.0000	0.0000	0.0000	1.0000	0.0000	0.0000	0.0000	1.0000	0.0	0.0	0.0	2.000	2.000	2.500
k1.179	step	0.0	0.00000000e+00	3.80000000e-07	-3.500000e-06	1.0000	0.0000	0.0000	0.0000	1.0000	0.0000	0.0000	0.0000	1.0000	0.0	0.0	0.0	2.000	2.000	2.500
k1.180	step	0.0	0.00000000e+00	3.80000000e-07	-3.525000e-06	1.0000	0.0000	0.0000	0.0000	1.0000	0.0000	0.0000	0.0000	1.0000	0.0	0.0	0.0	2.000	2.000	2.500
k1.181	step	0.0	0.00000000e+00	3.80000000e-07	-3.550000e-06	1.0000	0.0000	0.0000	0.0000	1.0000	0.0000	0.0000	0.0000	1.0000	0.0	0.0	0.0	2.000	2.000	2.500
k1.182	step	0.0	0.00000000e+00	3.80000000e-07	-3.575000e-06	1.0000	0.0000	0.0000	0.0000	1.0000	0.0000	0.0000	0.0000	1.0000	0.0	0.0	0.0	2.000	2.000	2.500
k1.183	step	0.0	0.00000000e+00	3.80000000e-07	-3.600000e-06	1.0000	0.0000	0.0000	0.0000	1.0000	0.0000	0.0000	0.0000	1.0000	0.0	0.0	0.0	2.000	2.000	2.500
k1.184	step	0.0	0.00000000e+00	3.80000000e-07	-3.625000e-06	1.0000	0.0000	0.0000	0.0000	1.0000	0.0000	0.0000	0.0000	1.0000	0.0	0.0	0.0	2.000	2.000	2.500
k1.185	step	0.0	0.00000000e+00	3.80000000e-07	-3.650000e-06	1.0000	0.0000	0.0000	0.0000	1.0000	0.0000	0.0000	0.0000	1.0000	0.0	0.0	0.0	2.000	2.000	2.500
k1.186	step	0.0	0.00000000e+00	3.80000000e-07	-3.675000e-06	1.0000	0.0000	0.0000	0.0000	1.0000	0.0000	0.0000	0.0000	1.0000	0.0	0.0	0.0	2.000	2.000	2.500
k1.187	step	0.0	0.00000000e+00	3.80000000e-07	-3.700000e-06	1.0000	0.0000	0.0000	0.0000	1.0000	0.0000	0.0000	0.0000	1.0000	0.0	0.0	0.0	2.000	2.000	2.500
k1.188	step	0.0	0.00000000e+00	3.80000000e-07	-3.725000e-06	1.0000	0.0000	0.0000	0.0000	1.0000	0.0000	0.0000	0.0000	1.0000	0.0	0.0	0.0	2.000	2.000	2.500
k1.189	step	0.0	0.00000000e+00	3.80000000e-07	-3.750000e-06	1.0000	0.0000	0.0000	0.0000	1.0000	0.0000	0.0000	0.0000	1.0000	0.0	0.0	0.0	2.000	2.000	2.500
k1.190	step	0.0	0.00000000e+00	3.80000000e-07	-3.775000e-06	1.0000	0.0000	0.0000	0.0000	1.0000	0.0000	0.0000	0.0000	1.0000	0.0	0.0	0.0	2.000	2.000	2.500
k1.191	step	0.0	0.00000000e+00	3.80000000e-07	-3.800000e-06	1.0000	0.0000	0.0000	0.0000	1.0000	0.0000	0.0000	0.0000	1.0000	0.0	0.0	0.0	2.000	2.000	2.500
k1.192	step	0.0	0.00000000e+00	3.80000000e-07	-3.825000e-06	1.0000	0.0000	0.0000	0.0000	1.0000	0.0000	0.0000	0.0000	1.0000	0.0	0.0	0.0	2.000	2.000	2.500
k1.193	step	0.0	0.00000000e+00	3.80000000e-07	-3.850000e-06	1.0000	0.0000	0.0000	0.0000	1.0000	0.0000	0.0000	0.0000	1.0000	0.0	0.0	0.0	2.000	2.000	2.500
k1.194	step	0.0	0.00000000e+00	3.80000000e-07	-3.875000e-06	1.0000	0.0000	0.0000	0.0000	1.0000	0.0000	0.0000	0.0000	1.0000	0.0	0.0	0.0	2.000	2.000	2.500
k1.195	step	0.0	0.00000000e+00	3.80000000e-07	-3.900000e-06	1.0000	0.0000	0.0000	0.0000	1.0000	0.0000	0.0000	0.0000	1.0000	0.0	0.0	0.0	2.000	2.000	2.500
k1.196	step	0.0	0.00000000e+00	3.80000000e-07	-3.925000e-06	1.0000	0.0000	0.0000	0.0000	1.0000	0.0000	0.0000	0.0000	1.0000	0.0	0.0	0.0	2.000	2.000	2.500
k1.197	step	0.0	0.00000000e+00	3.80000000e-07	-3.950000e-06	1.0000	0.0000	0.0000	0.0000	1.0000	0.0000	0.0000	0.0000	1.0000	0.0	0.0	0.0	2.000	2.000	2.500
k1.198	step	0.0	0.00000000e+00	3.80000000e-07	-3.975000e-06	1.0000	0.0000	0.0000	0.0000	1.0000	0.0000	0.0000	0.0000	1.0000	0.0	0.0	0.0	2.000	2.000	2.500
k1.199	step	0.0	0.00000000e+00	3.80000000e-07	-4.000000e-06	1.0000	0.0000	0.0000	0.0000	1.0000	0.0000	0.0000	0.0000	1.0000	0.0	0.0	0.0	2.000	2.000	2.500
k1.200	step	0.0	0.00000000e+00	3.80000000e-07	-4.025000e-06	1.0000	0.0000	0.0000	0.0000	1.0000	0.0000	0.0000	0.0000	1.0000	0.0	0.0	0.0	2.000	2.000	2.500
k1.201	step	0.0	0.00000000e+00	3.80000000e-07	-4.050000e-06	1.0000	0.0000	0.0000	0.0000	1.0000	0.0000	0.0000	0.0000	1.0000	0.0	0.0	0.0	2.000	2.000	2.500
k1.202	step	0.0	0.00000000e+00	3.80000000e-07	-4.075000e-06	1.0000	0.0000	0.0000	0.0000	1.0000	0.0000	0.0000	0.0000	1.0000	0.0	0.0	0.0	2.000	2.000	2.500
k1.203	step	0.0	0.00000000e+00	3.80000000e-07	-4.100000e-06	1.0000	0.0000	0.0000	0.0000	1.0000	0.0000	0.0000	0.0000	1.0000	0.0	0.0	0.0	2.000	2.000	2.500
k1.204	step	0.0	0.00000000e+00	3.80000000e-07	-4.125000e-06	1.0000	0.0000	0.0000	0.0000	1.0000	0.0000	0.0000	0.0000	1.0000	0.0	0.0	0.0	2.000	2.000	2.500
k1.205	step	0.0	0.00000000e+00	3.80000000e-07	-4.150000e-06	1.0000	0.0000	0.0000	0.0000	1.0000	0.0000	0.0000	0.0000	1.0000	0.0	0.0	0.0	2.000	2.000	2.500
k1.206	step	0.0	0.00000000e+00	3.80000000e-07	-4.175000e-06	1.0000	0.0000	0.0000	0.0000	1.0000	0.0000	0.0000	0.0000	1.0000	0.0	0.0	0.0	2.000	2.000	2.500
k1.207	step	0.0	0.00000000e+00	3.80000000e-07	-4.200000e-06	1.0000	0.0000	0.0000	0.0000	1.0000	0.0000	0.0000	0.0000	1.0000	0.0	0.0	0.0	2.000	2.000	2.500
k1.208	step	0.0	0.00000000e+00	3.80000000e-07	-4.225000e-06	1.0000	0.0000	0.0000	0.0000	1.0000	0.0000	0.0000	0.0000	1.0000	0.0	0.0	0.0	2.000	2.000	2.500
k1.209	step	0.0	0.00000000e+00	3.80000000e-07	-4.250000e-06	1.0000	0.0000	0.0000	0.0000	1.0000	0.0000	0.0000	0.0000	1.0000	0.0	0.0	0.0	2.000	2.000	2.500
k1.210	step	0.0	0.00000000e+00	3.80000000e-07	-4.275000e-06	1.0000	0.0000	0.0000	0.0000	1.0000	0.0000	0.0000	0.0000	1.0000	0.0	0.0	0.0	2.000	2.000	2.500
k1.211	step	0.0	0.00000000e+00	3.80000000e-07	-4.300000e-06	1.0000	0.0000	0.0000	0.0000	1.0000	0.0000	0.0000	0.0000	1.0000	0.0	0.0	0.0	2.000	2.000	2.500
k1.212	step	0.0	0.00000000e+00	3.80000000e-07	-4.325000e-06	1.0000	0.0000	0.0000	0.0000	1.0000	0.0000	0.0000	0.0000	1.0000	0.0	0.0	0.0	2.000	2.000	2.500
k1.213	step	0.0	0.00000000e+00	3.80000000e-07	-4.350000e-06	1.0000	0.0000	0.0000	0.0000	1.0000	0.0000	0.0000	0.0000	1.0000	0.0	0.0	0.0	2.000	2.000	2.500
k1.214	step	0.0	0.00000000e+00	3.80000000e-07	-4.375000e-06	1.0000	0.0000	0.0000	0.0000	1.0000	0.0000	0.0000	0.0000	1.0000	0.0	0.0	0.0	2.000	2.000	2.500
k1.215	step	0.0	0.00000000e+00	3.80000000e-07	-4.400000e-06	1.0000	0.0000	0.0000	0.0000	1.0000	0.0000	0.0000	0.0000	1.0000	0.0	0.0	0.0	2.000	2.000	2.500
k1.216	step	0.0	0.00000000e+00	3.80000000e-07	-4.425000e-06	1.0000	0.0000	0.0000	0.0000	1.0000	0.0000	0.0000	0.0000	1.0000	0.0	0.0	0.0	2.000	2.000	2.500
k1.217	step	0.0	0.00000000e+00	3.80000000e-07	-4.450000e-06	1.0000	0.0000	0.0000	0.0000	1.0000	0.0000	0.0000	0.0000	1.0000	0.0	0.0	0.0	2.000	2.000	2.500
k1.218	step	0.0	0.00000000e+00	3.80000000e-07	-4.475000e-06	1.0000	0.0000	0.0000	0.0000	1.0000	0.0000	0.0000	0.0000	1.0000	0.0	0.0	0.0	2.000	2.000	2.500
k1.219	step	0.0	0.00000000e+00	3.80000000e-07	-4.500000e-06	1.0000	0.0000	0.0000	0.0000	1.0000	0.0000	0.0000	0.0000	1.0000	0.0	0.0	0.0	2.000	2.000	2.500
k1.220	step	0.0	0.00000000e+00	3.80000000e-07	-4.525000e-06	1.0000	0.0000	0.0000	0.0000	1.0000	0.0000	0.0000	0.0000	1.0000	0.0	0.0	0.0	2.000	2.000	2.500
k1.221	step	0.0	0.00000000e+00	3.80000000e-07	-4.550000e-06	1.0000	0.0000	0.0000	0.0000	1.0000	0.0000	0.0000	0.0000	1.0000	0.0	0.0	0.0	2.000	2.000	2.500
k1.222	step	0.0	0.00000000e+00	3.80000000e-07	-4.575000e-06	1.0000	0.0000	0.0000	0.0000	1.0000	0.0000	0.0000	0.0000	1.0000	0.0	0.0	0.0	2.000	2.000	2.500
k1.223	step	0.0	0.00000000e+00	3.80000000e-07	-4.600000e-06	1.0000	0.0000	0.0000	0.0000	1.0000	0.0000	0.0000	0.0000	1.0000	0.0	0.0	0.0	2.000	2.000	2.500
k1.224	step	0.0	0.00000000e+00	3.80000000e-07	-4.625000e-06	1.0000	0.0000	0.0000	0.0000	1.0000	0.0000	0.0000	0.0000	1.0000	0.0	0.0	0.0	2.000	2.000	2.500
k1.225	step	0.0	0.00000000e+00	3.80000000e-07	-4.650000e-06	1.0000	0.0000	0.0000	0.0000	1.0000	0.0000	0.0000	0.0000	1.0000	0.0	0.0	0.0	2.000	2.000	2.500
k1.226	step	0.0	0.00000000e+00	3.80000000e-07	-4.675000e-06	1.0000	0.0000	0.0000	0.0000	1.0000	0.0000	0.0000	0.0000	1.0000	0.0	0.0	0.0	2.000	2.000	2.500
k1.227	step	0.0	0.00000000e+00	3.80000000e-07	-4.700000e-06	1.0000	0.0000	0.0000	0.0000	1.0000	0.0000	0.0000	0.0000	1.0000	0.0	0.0	0.0	2.000	2.000	2.500
k1.228	step	0.0	0.00000000e+00	3.80000000e-07	-4.725000e-06	1.0000	0.0000	0.0000	0.0000	1.0000	0.0000	0.0000	0.0000	1.0000	0.0	0.0	0.0	2.000	2.000	2.500
k1.229	step	0.0	0.00000000e+00	3.80000000e-07	-4.750000e-06	1.0000	0.0000	0.0000	0.0000	1.0000	0.0000	0.0000	0.0000	1.0000	0.0	0.0	0.0	2.000	2.000	2.500
k1.230	step	0.0	0.00000000e+00	3.80000000e-07	-4.775000e-06	1.0000	0.0000	0.0000	0.0000	1.0000	0.0000	0.0000	0.0000	1.0000	0.0	0.0	0.0	2.000	2.000	2.500
k1.231	step	0.0	0.00000000e+00	3.80000000e-07	-4.800000e-06	1.0000	0.0000	0.0000	0.0000	1.0000	0.0000	0.0000	0.0000	1.0000	0.0	0.0	0.0	2.000	2.000	2.500
k1.232	step	0.0	0.00000000e+00	3.80000000e-07	-4.825000e-06	1.0000	0.0000	0.0000	0.0000	1.0000	0.0000	0.0000	0.0000	1.0000	0.0	0.0	0.0	2.000	2.000	2.500
k1.233	step	0.0	0.00000000e+00	3.80000000e-07	-4.850000e-06	1.0000	0.0000	0.0000	0.0000	1.0000	0.0000	0.0000	0.0000	1.0000	0.0	0.0	0.0	2.000	2.000	2.500
k1.234	step	0.0	0.00000000e+00	3.80000000e-07	-4.875000e-06	1.0000	0.0000	0.0000	0.0000	1.0000	0.0000	0.0000	0.0000	1.0000	0.0	0.0	0.0	2.000	2.000	2.500
k1.235	step	0.0	0.00000000e+00	3.80000000e-07	-4.900000e-06	1.0000	0.0000	0.0000	0.0000	1.0000	0.0000	0.0000	0.0000	1.0000	0.0	0.0	0.0	2.000	2.000	2.500
k1.236	step	0.0	0.00000000e+00	3.80000000e-07	-4.925000e-06	1.0000	0.0000	0.0000	0.0000	1.0000	0.0000	0.0000	0.0000	1.0000	0.0	0.0	0.0	2.000	2.000	2.500
k1.237	step	0.0	0.00000000e+00	3.80000000e-07	-4.950000e-06	1.0000	0.0000	0.0000	0.0000	1.0000	0.0000	0.0000	0.0000	1.0000	0.0	0.0	0.0	2.000	2.000	2.500
k1.238	step	0.0	0.00000000e+00	3.80000000e-07	-4.975000e-06	1.0000	0.0000	0.0000	0.0000	1.0000	0.0000	0.0000	0.0000	1.0000	0.0	0.0	0.0	2.000	2.000	2.500
k1.239	step	0.0	0.00000000e+00	3.80000000e-07	-5.000000e-06	1.0000	0.0000	0.0000	0.0000	1.0000	0.0000	0.0000	0.0000	1.0000	0.0	0.0	0.0	2.000	2.000	2.500
k1.240	step	0.0	0.00000000e+00	3.80000000e-07	-5.025000e-06	1.0000	0.0000	0.0000	0.0000	1.0000	0.0000	0.0000	0.0000	1.0000	0.0	0.0	0.0	2.000	2.000	2.500
k1.241	step	0.0	0.00000000e+00	3.80000000e-07	-5.050000e-06	1.0000	0.0000	0.0000	0.0000	1.0000	0.0000	0.0000	0.0000	1.0000	0.0	0.0	0.0	2.000	2.000	2.500
k1.242	step	0.0	0.00000000e+00	3.80000000e-07	-5.075000e-06	1.0000	0.0000	0.0000	0.0000	1.0000	0.0000	0.0000	0.0000	1.0000	0.0	0.0	0.0	2.000	2.000	2.500
k1.243	step	0.0	0.00000000e+00	3.80000000e-07	-5.100000e-06	1.0000	0.0000	0.0000	0.0000	1.0000	0.0000	0.0000	0.0000	1.0000	0.0	0.0	0.0	2.000	2.000	2.500
k1.244	step	0.0	0.00000000e+00	3.80000000e-07	-5.125000e-06	1.0000	0.0000	0.0000	0.0000	1.0000	0.0000	0.0000	0.0000	1.0000	0.0	0.0	0.0	2.000	2.000	2.500
k1.245	step	0.0	0.00000000e+00	3.80000000e-07	-5.150000e-06	1.0000	0.0000	0.0000	0.0000	1.0000	0.0000	0.0000	0.0000	1.0000	0.0	0.0	0.0	2.000	2.000	2.500
k1.246	step	0.0	0.00000000e+00	3.80000000e-07	-5.175000e-06	1.0000	0.0000	0.0000	0.0000	1.0000	0.0000	0.0000	0.0000	1.0000	0.0	0.0	0.0	2.000	2.000	2.500
k1.247	step	0.0	0.00000000e+00	3.80000000e-07	-5.200000e-06	1.0000	0.0000	0.0000	0.0000	1.0000	0.0000	0.0000	0.0000	1.0000	0.0	0.0	0.0	2.000	2.000	2.500
k1.248	step	0.0	0.00000000e+00	3.80000000e-07	-5.225000e-06	1.0000	0.0000	0.0000	0.0000	1.0000	0.0000	0.0000	0.0000	1.0000	0.0	0.0	0.0	2.000	2.000	2.500
k1.249	step	0.0	0.00000000e+00	3.80000000e-07	-5.250000e-06	1.0000	0.0000	0.0000	0.0000	1.0000	0.0000	0.0000	0.0000	1.0000	0.0	0.0	0.0	2.000	2.000	2.500
k1.250	step	0.0	0.00000000e+00	3.80000000e-07	-5.275000e-06	1.0000	0.0000	0.0000	0.0000	1.0000	0.0000	0.0000	0.0000	1.0000	0.0	0.0	0.0	2.000	2.000	2.500
k1.251	step	0.0	0.00000000e+00	3.80000000e-07	-5.300000e-06	1.0000	0.0000	0.0000	0.0000	1.0000	0.0000	0.0000	0.0000	1.0000	0.0	0.0	0.0	2.000	2.000	2.500
k1.252	step	0.0	0.00000000e+00	3.80000000e-07	-5.325000e-06	1.0000	0.0000	0.0000	0.0000	1.0000	0.0000	0.0000	0.0000	1.0000	0.0	0.0	0.0	2.000	2.000	2.500
k1.253	step	0.0	0.00000000e+00	3.80000000e-07	-5.350000e-06	1.0000	0.0000	0.0000	0.0000	1.0000	0.0000	0.0000	0.0000	1.0000	0.0	0.0	0.0	2.000	2.000	2.500
k1.254	step	0.0	0.00000000e+00	3.80000000e-07	-5.375000e-06	1.0000	0.0000	0.0000	0.0000	1.0000	0.0000	0.0000	0.0000	1.0000	0.0	0.0	0.0	2.000	2.000	2.500
k1.255	step	0.0	0.00000000e+00	3.80000000e-07	-5.400000e-06	1.0000	0.0000	0.0000	0.0000	1.0000	0.0000	0.0000	0.0000	1.0000	0.0	0.0	0.0	2.000	2.000	2.500
k1.256	step	0.0	0.00000000e+00	3.80000000e-07	-5.425000e-06	1.0000	0.0000	0.0000	0.0000	1.0000	0.0000	0.0000	0.0000	1.0000	0.0	0.0	0.0	2.000	2.000	2.500
k1.257	step	0.0	0.00000000e+00	3.80000000e-07	-5.450000e-06	1.0000	0.0000	0.0000	0.0000	1.0000	0.0000	0.0000	0.0000	1.0000	0.0	0.0	0.0	2.000	2.000	2.500
k1.258	step	0.0	0.00000000e+00	3.80000000e-07	-5.475000e-06	1.0000	0.0000	0.0000	0.0000	1.0000	0.0000	0.0000	0.0000	1.0000	0.0	0.0	0.0	2.000	2.000	2.500
k1.259	step	0.0	0.00000000e+00	3.80000000e-07	-5.500000e-06	1.0000	0.0000	0.0000	0.0000	1.0000	0.0000	0.0000	0.0000	1.0000	0.0	0.0	0.0	2.000	2.000	2.500
k1.260	step	0.0	0.00000000e+00	3.80000000e-07	-5.525000e-06	1.0000	0.0000	0.0000	0.0000	1.0000	0.0000	0.0000	0.0000	1.0000	0.0	0.0	0.0	2.000	2.000	2.500
k1.261	step	0.0	0.00000000e+00	3.80000000e-07	-5.550000e-06	1.0000	0.0000	0.0000	0.0000	1.0000	0.0000	0.0000	0.0000	1.0000	0.0	0.0	0.0	2.000	2.000	2.500
k1.262	step	0.0	0.00000000e+00	3.80000000e-07	-5.575000e-06	1.0000	0.0000	0.0000	0.0000	1.0000	0.0000	0.0000	0.0000	1.0000	0.0	0.0	0.0	2.000	2.000	2.500
k1.263	step	0.0	0.00000000e+00	3.80000000e-07	-5.600000e-06	1.0000	0.0000	0.0000	0.0000	1.0000	0.0000	0.0000	0.0000	1.0000	0.0	0.0	0.0	2.000	2.000	2.500
k1.264	step	0.0	0.00000000e+00	3.80000000e-07	-5.625000e-06	1.0000	0.0000	0.0000	0.0000	1.0000	0.0000	0.0000	0.0000	1.0000	0.0	0.0	0.0	2.000	2.000	2.500
k1.265	step	0.0	0.00000000e+00	3.80000000e-07	-5.650000e-06	1.0000	0.0000	0.0000	0.0000	1.0000	0.0000	0.0000	0.0000	1.0000	0.0	0.0	0.0	2.000	2.000	2.500
k1.266	step	0.0	0.00000000e+00	3.80000000e-07	-5.675000e-06	1.0000	0.0000	0.0000	0.0000	1.0000	0.0000	0.0000	0.0000	1.0000	0.0	0.0	0.0	2.000	2.000	2.500
k1.267	step	0.0	0.00000000e+00	3.80000000e-07	-5.700000e-06	1.0000	0.0000	0.0000	0.0000	1.0000	0.0000	0.0000	0.0000	1.0000	0.0	0.0	0.0	2.000	2.000	2.500
k1.268	step	0.0	0.00000000e+00	3.80000000e-07	-5.725000e-06	1.0000	0.0000	0.0000	0.0000	1.0000	0.0000	0.0000	0.0000	1.0000	0.0	0.0	0.0	2.000	2.000	2.500
k1.269	step	0.0	0.00000000e+00	3.80000000e-07	-5.750000e-06	1.0000	0.0000	0.0000	0.0000	1.0000	0.0000	0.0000	0.0000	1.0000	0.0	0.0	0.0	2.000	2.000	2.500
k1.270	step	0.0	0.00000000e+00	3.80000000e-07	-5.775000e-06	1.0000	0.0000	0.0000	0.0000	1.0000	0.0000	0.0000	0.0000	1.0000	0.0	0.0	0.0	2.000	2.000	2.500
k1.271	step	0.0	0.00000000e+00	3.80000000e-07	-5.800000e-06	1.0000	0.0000	0.0000	0.0000	1.0000	0.0000	0.0000	0.0000	1.0000	0.0	0.0	0.0	2.000	2.000	2.500
k1.272	step	0.0	0.00000000e+00	3.80000000e-07	-5.825000e-06	1.0000	0.0000	0.0000	0.0000	1.0000	0.0000	0.0000	0.0000	1.0000	0.0	0.0	0.0	2.000	2.000	2.500
k1.273	step	0.0	0.00000000e+00	3.80000000e-07	-5.850000e-06	1.0000	0.0000	0.0000	0.0000	1.0000	0.0000	0.0000	0.0000	1.0000	0.0	0.0	0.0	2.000	2.000	2.500
k1.274	step	0.0	0.00000000e+00	3.80000000e-07	-5.875000e-06	1.0000	0.0000	0.0000	0.0000	1.0000	0.0000	0.0000	0.0000	1.0000	0.0	0.0	0.0	2.000	2.000	2.500
k1.275	step	0.0	0.00000000e+00	3.80000000e-07	-5.900000e-06	1.0000	0.0000	0.0000	0.0000	1.0000	0.0000	0.0000	0.0000	1.0000	0.0	0.0	0.0	2.000	2.000	2.500
k1.276	step	0.0	0.00000000e+00	3.80000000e-07	-5.925000e-06	1.0000	0.0000	0.0000	0.0000	1.0000	0.0000	0.0000	0.0000	1.0000	0.0	0.0	0.0	2.000	2.000	2.500
k1.277	step	0.0	0.00000000e+00	3.80000000e-07	-5.950000e-06	1.0000	0.0000	0.0000	0.0000	1.0000	0.0000	0.0000	0.0000	1.0000	0.0	0.0	0.0	2.000	2.000	2.500
k1.278	step	0.0	0.00000000e+00	3.80000000e-07	-5.975000e-06	1.0000	0.0000	0.0000	0.0000	1.0000	0.0000	0.0000	0.0000	1.0000	0.0	0.0	0.0	2.000	2.000	2.500
k1.279	step	0.0	0.00000000e+00	3.80000000e-07	-6.000000e-06	1.0000	0.0000	0.0000	0.0000	1.0000	0.0000	0.0000	0.0000	1.0000	0.0	0.0	0.0	2.000	2.000	2.500
k1.280	step	0.0	0.00000000e+00	3.80000000e-07	-6.025000e-06	1.0000	0.0000	0.0000	0.0000	1.0000	0.0000	0.0000	0.0000	1.0000	0.0	0.0	0.0	2.000	2.000	2.500
k1.281	step	0.0	0.00000000e+00	3.80000000e-07	-6.050000e-06	1.0000	0.0000	0.0000	0.0000	1.0000	0.0000	0.0000	0.0000	1.0000	0.0	0.0	0.0	2.000	2.000	2.500
k1.282	step	0.0	0.00000000e+00	3.80000000e-07	-6.075000e-06	1.0000	0.0000	0.0000	0.0000	1.0000	0.0000	0.0000	0.0000	1.0000	0.0	0.0	0.0	2.000	2.000	2.500
k1.283	step	0.0	0.00000000e+00	3.80000000e-07	-6.100000e-06	1.0000	0.0000	0.0000	0.0000	1.0000	0.0000	0.0000	0.0000	1.0000	0.0	0.0	0.0	2.000	2.000	2.500
k1.284	step	0.0	0.00000000e+00	3.80000000e-07	-6.125000e-06	1.0000	0.0000	0.0000	0.0000	1.0000	0.0000	0.0000	0.0000	1.0000	0.0	0.0	0.0	2.000	2.000	2.500
k1.285	step	0.0	0.00000000e+00	3.80000000e-07	-6.150000e-06	1.0000	0.0000	0.0000	0.0000	1.0000	0.0000	0.0000	0.0000	1.0000	0.0	0.0	0.0	2.000	2.000	2.500
k1.286	step	0.0	0.00000000e+00	3.80000000e-07	-6.175000e-06	1.0000	0.0000	0.0000	0.0000	1.0000	0.0000	0.0000	0.0000	1.0000	0.0	0.0	0.0	2.000	2.000	2.500
k1.287	step	0.0	0.00000000e+00	3.80000000e-07	-6.200000e-06	1.0000	0.0000	0.0000	0.0000	1.0000	0.0000	0.0000	0.0000	1.0000	0.0	0.0	0.0	2.000	2.000	2.500
k1.288	step	0.0	0.00000000e+00	3.80000000e-07	-6.225000e-06	1.0000	0.0000	0.0000	0.0000	1.0000	0.0000	0.0000	0.0000	1.0000	0.0	0.0	0.0	2.000	2.000	2.500
k1.289	step	0.0	0.00000000e+00	3.80000000e-07	-6.250000e-06	1.0000	0.0000	0.0000	0.0000	1.0000	0.0000	0.0000	0.0000	1.0000	0.0	0.0	0.0	2.000	2.000	2.500
k1.290	step	0.0	0.00000000e+00	3.80000000e-07	-6.275000e-06	1.0000	0.0000	0.0000	0.0000	1.0000	0.0000	0.0000	0.0000	1.0000	0.0	0.0	0.0	2.000	2.000	2.500
k1.291	step	0.0	0.00000000e+00	3.80000000e-07	-6.300000e-06	1.0000	0.0000	0.0000	0.0000	1.0000	0.0000	0.0000	0.0000	1.0000	0.0	0.0	0.0	2.000	2.000	2.500
k1.292	step	0.0	0.00000000e+00	3.80000000e-07	-6.325000e-06	1.0000	0.0000	0.0000	0.0000	1.0000	0.0000	0.0000	0.0000	1.0000	0.0	0.0	0.0	2.000	2.000	2.500
k1.293	step	0.0	0.00000000e+00	3.80000000e-07	-6.350000e-06	1.0000	0.0000	0.0000	0.0000	1.0000	0.0000	0.0000	0.0000	1.0000	0.0	0.0	0.0	2.000	2.000	2.500
k1.294	step	0.0	0.00000000e+00	3.80000000e-07	-6.375000e-06	1.0000	0.0000	0.0000	0.0000	1.0000	0.0000	0.0000	0.0000	1.0000	0.0	0.0	0.0	2.000	2.000	2.500
k1.295	step	0.0	0.00000000e+00	3.80000000e-07	-6.400000e-06	1.0000	0.0000	0.0000	0.0000	1.0000	0.0000	0.0000	0.0000	1.0000	0.0	0.0	0.0	2.000	2.000	2.500
k1.296	step	0.0	0.00000000e+00	3.80000000e-07	-6.425000e-06	1.0000	0.0000	0.0000	0.0000	1.0000	0.0000	0.0000	0.0000	1.0000	0.0	0.0	0.0	2.000	2.000	2.500
k1.297	step	0.0	0.00000000e+00	3.80000000e-07	-6.450000e-06	1.0000	0.0000	0.0000	0.0000	1.0000	0.0000	0.0000	0.0000	1.0000	0.0	0.0	0.0	2.000	2.000	2.500
k1.298	step	0.0	0.00000000e+00	3.80000000e-07	-6.475000e-06	1.0000	0.0000	0.0000	0.0000	1.0000	0.0000	0.0000	0.0000	1.0000	0.0	0.0	0.0	2.000	2.000	2.500
k1.299	step	0.0	0.00000000e+00	3.80000000e-07	-6.500000e-06	1.0000	0.0000	0.0000	0.0000	1.0000	0.0000	0.0000	0.0000	1.0000	0.0	0.0	0.0	2.000	2.000	2.500
k1.300	step	0.0	0.00000000e+00	3.80000000e-07	-6.525000e-06	1.0000	0.0000	0.0000	0.0000	1.0000	0.0000	0.0000	0.0000	1.0000	0.0	0.0	0.0	2.000	2.000	2.500
k1.301	step	0.0	0.00000000e+00	3.80000000e-07	-6.550000e-06	1.0000	0.0000	0.0000	0.0000	1.0000	0.0000	0.0000	0.0000	1.0000	0.0	0.0	0.0	2.000	2.000	2.500
k1.302	step	0.0	0.00000000e+00	3.80000000e-07	-6.575000e-06	1.0000	0.0000	0.0000	0.0000	1.0000	0.0000	0.0000	0.0000	1.0000	0.0	0.0	0.0	2.000	2.000	2.500
k1.303	step	0.0	0.00000000e+00	3.80000000e-07	-6.600000e-06	1.0000	0.0000	0.0000	0.0000	1.0000	0.0000	0.0000	0.0000	1.0000	0.0	0.0	0.0	2.000	2.000	2.500
k1.304	step	0.0	0.00000000e+00	3.80000000e-07	-6.625000e-06	1.0000	0.0000	0.0000	0.0000	1.0000	0.0000	0.0000	0.0000	1.0000	0.0	0.0	0.0	2.000	2.000	2.500
k1.305	step	0.0	0.00000000e+00	3.80000000e-07	-6.650000e-06	1.0000	0.0000	0.0000	0.0000	1.0000	0.0000	0.0000	0.0000	1.0000	0.0	0.0	0.0	2.000	2.000	2.500
k1.306	step	0.0	0.00000000e+00	3.80000000e-07	-6.675000e-06	1.0000	0.0000	0.0000	0.0000	1.0000	0.0000	0.0000	0.0000	1.0000	0.0	0.0	0.0	2.000	2.000	2.500
k1.307	step	0.0	0.00000000e+00	3.80000000e-07	-6.700000e-06	1.0000	0.0000	0.0000	0.0000	1.0000	0.0000	0.0000	0.0000	1.0000	0.0	0.0	0.0	2.000	2.000	2.500
k1.308	step	0.0	0.00000000e+00	3.80000000e-07	-6.725000e-06	1.0000	0.0000	0.0000	0.0000	1.0000	0.0000	0.0000	0.0000	1.0000	0.0	0.0	0.0	2.000	2.000	2.500
k1.309	step	0.0	0.00000000e+00	3.80000000e-07	-6.750000e-06	1.0000	0.0000	0.0000	0.0000	1.0000	0.0000	0.0000	0.0000	1.0000	0.0	0.0	0.0	2.000	2.000	2.500
k1.310	step	0.0	0.00000000e+00	3.80000000e-07	-6.775000e-06	1.0000	0.0000	0.0000	0.0000	1.0000	0.0000	0.0000	0.0000	1.0000	0.0	0.0	0.0	2.000	2.000	2.500
k1.311	step	0.0	0.00000000e+00	3.80000000e-07	-6.800000e-06	1.0000	0.0000	0.0000	0.0000	1.0000	0.0000	0.0000	0.0000	1.0000	0.0	0.0	0.0	2.000	2.000	2.500
k1.312	step	0.0	0.00000000e+00	3.80000000e-07	-6.825000e-06	1.0000	0.0000	0.0000	0.0000	1.0000	0.0000	0.0000	0.0000	1.0000	0.0	0.0	0.0	2.000	2.000	2.500
k1.313	step	0.0	0.00000000e+00	3.80000000e-07	-6.850000e-06	1.0000	0.0000	0.0000	0.0000	1.0000	0.0000	0.0000	0.0000	1.0000	0.0	0.0	0.0	2.000	2.000	2.500
k1.314	step	0.0	0.00000000e+00	3.80000000e-07	-6.875000e-06	1.0000	0.0000	0.0000	0.0000	1.0000	0.0000	0.0000	0.0000	1.0000	0.0	0.0	0.0	2.000	2.000	2.500
k1.315	step	0.0	0.00000000e+00	3.80000000e-07	-6.900000e-06	1.0000	0.0000	0.0000	0.0000	1.0000	0.0000	0.0000	0.0000	1.0000	0.0	0.0	0.0	2.000	2.000	2.500
k1.316	step	0.0	0.00000000e+00	3.80000000e-07	-6.925000e-06	1.0000	0.0000	0.0000	0.0000	1.0000	0.0000	0.0000	0.0000	1.0000	0.0	0.0	0.0	2.000	2.000	2.500
k1.317	step	0.0	0.00000000e+00	3.80000000e-07	-6.950000e-06	1.0000	0.0000	0.0000	0.0000	1.0000	0.0000	0.0000	0.0000	1.0000	0.0	0.0	0.0	2.000	2.000	2.500
k1.318	step	0.0	0.00000000e+00	3.80000000e-07	-6.975000e-06	1.0000	0.0000	0.0000	0.0000	1.0000	0.0000	0.0000	0.0000	1.0000	0.0	0.0	0.0	2.000	2.000	2.500
k1.319	step	0.0	0.00000000e+00	3.80000000e-07	-7.000000e-06	1.0000	0.0000	0.0000	0.0000	1.0000	0.0000	0.0000	0.0000	1.0000	0.0	0.0	0.0	2.000	2.000	2.500
k1.320	step	0.0	0.00000000e+00	3.80000000e-07	-7.025000e-06	1.0000	0.0000	0.0000	0.0000	1.0000	0.0000	0.0000	0.0000	1.0000	0.0	0.0	0.0	2.000	2.000	2.500
k1.321	step	0.0	0.00000000e+00	3.80000000e-07	-7.050000e-06	1.0000	0.0000	0.0000	0.0000	1.0000	0.0000	0.0000	0.0000	1.0000	0.0	0.0	0.0	2.000	2.000	2.500
k1.322	step	0.0	0.00000000e+00	3.80000000e-07	-7.075000e-06	1.0000	0.0000	0.0000	0.0000	1.0000	0.0000	0.0000	0.0000	1.0000	0.0	0.0	0.0	2.000	2.000	2.500
k1.323	step	0.0	0.00000000e+00	3.80000000e-07	-7.100000e-06	1.0000	0.0000	0.0000	0.0000	1.0000	0.0000	0.0000	0.0000	1.0000	0.0	0.0	0.0	2.000	2.000	2.500
k1.324	step	0.0	0.00000000e+00	3.80000000e-07	-7.125000e-06	1.0000	0.0000	0.0000	0.0000	1.0000	0.0000	0.0000	0.0000	1.0000	0.0	0.0	0.0	2.000	2.000	2.500
k1.325	step	0.0	0.00000000e+00	3.80000000e-07	-7.150000e-06	1.0000	0.0000	0.0000	0.0000	1.0000	0.0000	0.0000	0.0000	1.0000	0.0	0.0	0.0	2.000	2.000	2.500
k1.326	step	0.0	0.00000000e+00	3.80000000e-07	-7.175000e-06	1.0000	0.0000	0.0000	0.0000	1.0000	0.0000	0.0000	0.0000	1.0000	0.0	0.0	0.0	2.000	2.000	2.500
k1.327	step	0.0	0.00000000e+00	3.80000000e-07	-7.200000e-06	1.0000	0.0000	0.0000	0.0000	1.0000	0.0000	0.0000	0.0000	1.0000	0.0	0.0	0.0	2.000	2.000	2.500
k1.328	step	0.0	0.00000000e+00	3.80000000e-07	-7.225000e-06	1.0000	0.0000	0.0000	0.0000	1.0000	0.0000	0.0000	0.0000	1.0000	0.0	0.0	0.0	2.000	2.000	2.500
k1.329	step	0.0	0.00000000e+00	3.80000000e-07	-7.250000e-06	1.0000	0.0000	0.0000	0.0000	1.0000	0.0000	0.0000	0.0000	1.0000	0.0	0.0	0.0	2.000	2.000	2.500
k1.330	step	0.0	0.00000000e+00	3.80000000e-07	-7.275000e-06	1.0000	0.0000	0.0000	0.0000	1.0000	0.0000	0.0000	0.0000	1.0000	0.0	0.0	0.0	2.000	2.000	2.500
k1.331	step	0.0	0.00000000e+00	3.80000000e-07	-7.300000e-06	1.0000	0.0000	0.0000	0.0000	1.0000	0.0000	0.0000	0.0000	1.0000	0.0	0.0	0.0	2.000	2.000	2.500
k1.332	step	0.0	0.00000000e+00	3.80000000e-07	-7.325000e-06	1.0000	0.0000	0.0000	0.0000	1.0000	0.0000	0.0000	0.0000	1.0000	0.0	0.0	0.0	2.000	2.000	2.500
k1.333	step	0.0	0.00000000e+00	3.80000000e-07	-7.350000e-06	1.0000	0.0000	0.0000	0.0000	1.0000	0.0000	0.0000	0.0000	1.0000	0.0	0.0	0.0	2.000	2.000	2.500
k1.334	step	0.0	0.00000000e+00	3.80000000e-07	-7.375000e-06	1.0000	0.0000	0.0000	0.0000	1.0000	0.0000	0.0000	0.0000	1.0000	0.0	0.0	0.0	2.000	2.000	2.500
k1.335	step	0.0	0.00000000e+00	3.80000000e-07	-7.400000e-06	1.0000	0.0000	0.0000	0.0000	1.0000	0.0000	0.0000	0.0000	1.0000	0.0	0.0	0.0	2.000	2.000	2.500
k1.336	step	0.0	0.00000000e+00	3.80000000e-07	-7.425000e-06	1.0000	0.0000	0.0000	0.0000	1.0000	0.0000	0.0000	0.0000	1.0000	0.0	0.0	0.0	2.000	2.000	2.500
k1.337	step	0.0	0.00000000e+00	3.80000000e-07	-7.450000e-06	1.0000	0.0000	0.0000	0.0000	1.0000	0.0000	0.0000	0.0000	1.0000	0.0	0.0	0.0	2.000	2.000	2.500
k1.338	step	0.0	0.00000000e+00	3.80000000e-07	-7.475000e-06	1.0000	0.0000	0.0000	0.0000	1.0000	0.0000	0.0000	0.0000	1.0000	0.0	0.0	0.0	2.000	2.000	2.500
k1.339	step	0.0	0.00000000e+00	3.80000000e-07	-7.500000e-06	1.0000	0.0000	0.0000	0.0000	1.0000	0.0000	0.0000	0.0000	1.0000	0.0	0.0	0.0	2.000	2.000	2.500
k1.340	step	0.0	0.00000000e+00	3.80000000e-07	-7.525000e-06	1.0000	0.0000	0.0000	0.0000	1.0000	0.0000	0.0000	0.0000	1.0000	0.0	0.0	0.0	2.000	2.000	2.500
k1.341	step	0.0	0.00000000e+00	3.80000000e-07	-7.550000e-06	1.0000	0.0000	0.0000	0.0000	1.0000	0.0000	0.0000	0.0000	1.0000	0.0	0.0	0.0	2.000	2.000	2.500
k1.342	step	0.0	0.00000000e+00	3.80000000e-07	-7.575000e-06	1.0000	0.0000	0.0000	0.0000	1.0000	0.0000	0.0000	0.0000	1.0000	0.0	0.0	0.0	2.000	2.000	2.500
k1.343	step	0.0	0.00000000e+00	3.80000000e-07	-7.600000e-06	1.0000	0.0000	0.0000	0.0000	1.0000	0.0000	0.0000	0.0000	1.0000	0.0	0.0	0.0	2.000	2.000	2.500
k1.344	step	0.0	0.00000000e+00	3.80000000e-07	-7.625000e-06	1.0000	0.0000	0.0000	0.0000	1.0000	0.0000	0.0000	0.0000	1.0000	0.0	0.0	0.0	2.000	2.000	2.500
k1.345	step	0.0	0.00000000e+00	3.80000000e-07	-7.650000e-06	1.0000	0.0000	0.0000	0.0000	1.0000	0.0000	0.0000	0.0000	1.0000	0.0	0.0	0.0	2.000	2.000	2.500
k1.346	step	0.0	0.00000000e+00	3.80000000e-07	-7.675000e-06	1.0000	0.0000	0.0000	0.0000	1.0000	0.0000	0.0000	0.0000	1.0000	0.0	0.0	0.0	2.000	2.000	2.500
k1.347	step	0.0	0.00000000e+00	3.80000000e-07	-7.700000e-06	1.0000	0.0000	0.0000	0.0000	1.0000	0.0000	0.0000	0.0000	1.0000	0.0	0.0	0.0	2.000	2.000	2.500
k1.348	step	0.0	0.00000000e+00	3.80000000e-07	-7.725000e-06	1.0000	0.0000	0.0000	0.0000	1.0000	0.0000	0.0000	0.0000	1.0000	0.0	0.0	0.0	2.000	2.000	2.500
k1.349	step	0.0	0.00000000e+00	3.80000000e-07	-7.750000e-06	1.0000	0.0000	0.0000	0.0000	1.0000	0.0000	0.0000	0.0000	1.0000	0.0	0.0	0.0	2.000	2.000	2.500
k1.350	step	0.0	0.00000000e+00	3.80000000e-07	-7.775000e-06	1.0000	0.0000	0.0000	0.0000	1.0000	0.0000	0.0000	0.0000	1.0000	0.0	0.0	0.0	2.000	2.000	2.500
k1.351	step	0.0	0.00000000e+00	3.80000000e-07	-7.800000e-06	1.0000	0.0000	0.0000	0.0000	1.0000	0.0000	0.0000	0.0000	1.0000	0.0	0.0	0.0	2.000	2.000	2.500
k1.352	step	0.0	0.00000000e+00	3.80000000e-07	-7.825000e-06	1.0000	0.0000	0.0000	0.0000	1.0000	0.0000	0.0000	0.0000	1.0000	0.0	0.0	0.0	2.000	2.000	2.500
k1.353	step	0.0	0.00000000e+00	3.80000000e-07	-7.850000e-06	1.0000	0.0000	0.0000	0.0000	1.0000	0.0000	0.0000	0.0000	1.0000	0.0	0.0	0.0	2.000	2.000	2.500
k1.354	step	0.0	0.00000000e+00	3.80000000e-07	-7.875000e-06	1.0000	0.0000	0.0000	0.0000	1.0000	0.0000	0.0000	0.0000	1.0000	0.0	0.0	0.0	2.000	2.000	2.500
k1.355	step	0.0	0.00000000e+00	3.80000000e-07	-7.900000e-06	1.0000	0.0000	0.0000	0.0000	1.0000	0.0000	0.0000	0.0000	1.0000	0.0	0.0	0.0	2.000	2.000	2.500
k1.356	step	0.0	0.00000000e+00	3.80000000e-07	-7.925000e-06	1.0000	0.0000	0.0000	0.0000	1.0000	0.0000	0.0000	0.0000	1.0000	0.0	0.0	0.0	2.000	2.000	2.500
k1.357	step	0.0	0.00000000e+00	3.80000000e-07	-7.950000e-06	1.0000	0.0000	0.0000	0.0000	1.0000	0.0000	0.0000	0.0000	1.0000	0.0	0.0	0.0	2.000	2.000	2.500
k1.358	step	0.0	0.00000000e+00	3.80000000e-07	-7.975000e-06	1.0000	0.0000	0.0000	0.0000	1.0000	0.0000	0.0000	0.0000	1.0000	0.0	0.0	0.0	2.000	2.000	2.500
k1.359	step	0.0	0.00000000e+00	3.80000000e-07	-8.000000e-06	1.0000	0.0000	0.0000	0.0000	1.0000	0.0000	0.0000	0.0000	1.0000	0.0	0.0	0.0	2.000	2.000	2.500
k1.360	step	0.0	0.00000000e+00	3.80000000e-07	-8.025000e-06	1.0000	0.0000	0.0000	0.0000	1.0000	0.0000	0.0000	0.0000	1.0000	0.0	0.0	0.0	2.000	2.000	2.500
k1.361	step	0.0	0.00000000e+00	3.80000000e-07	-8.050000e-06	1.0000	0.0000	0.0000	0.0000	1.0000	0.0000	0.0000	0.0000	1.0000	0.0	0.0	0.0	2.000	2.000	2.500
k1.362	step	0.0	0.00000000e+00	3.80000000e-07	-8.075000e-06	1.0000	0.0000	0.0000	0.0000	1.0000	0.0000	0.0000	0.0000	1.0000	0.0	0.0	0.0	2.000	2.000	2.500
k1.363	step	0.0	0.00000000e+00	3.80000000e-07	-8.100000e-06	1.0000	0.0000	0.0000	0.0000	1.0000	0.0000	0.0000	0.0000	1.0000	0.0	0.0	0.0	2.000	2.000	2.500
k1.364	step	0.0	0.00000000e+00	3.80000000e-07	-8.125000e-06	1.0000	0.0000	0.0000	0.0000	1.0000	0.0000	0.0000	0.0000	1.0000	0.0	0.0	0.0	2.000	2.000	2.500
k1.365	step	0.0	0.00000000e+00	3.80000000e-07	-8.150000e-06	1.0000	0.0000	0.0000	0.0000	1.0000	0.0000	0.0000	0.0000	1.0000	0.0	0.0	0.0	2.000	2.000	2.500
k1.366	step	0.0	0.00000000e+00	3.80000000e-07	-8.175000e-06	1.0000	0.0000	0.0000	0.0000	1.0000	0.0000	0.0000	0.0000	1.0000	0.0	0.0	0.0	2.000	2.000	2.500
k1.367	step	0.0	0.00000000e+00	3.80000000e-07	-8.200000e-06	1.0000	0.0000	0.0000	0.0000	1.0000	0.0000	0.0000	0.0000	1.0000	0.0	0.0	0.0	2.000	2.000	2.500
k1.368	step	0.0	0.00000000e+00	3.80000000e-07	-8.225000e-06	1.0000	0.0000	0.0000	0.0000	1.0000	0.0000	0.0000	0.0000	1.0000	0.0	0.0	0.0	2.000	2.000	2.500
k1.369	step	0.0	0.00000000e+00	3.80000000e-07	-8.250000e-06	1.0000	0.0000	0.0000	0.0000	1.0000	0.0000	0.0000	0.0000	1.0000	0.0	0.0	0.0	2.000	2.000	2.500
k1.370	step	0.0	0.00000000e+00	3.80000000e-07	-8.275000e-06	1.0000	0.0000	0.0000	0.0000	1.0000	0.0000	0.0000	0.0000	1.0000	0.0	0.0	0.0	2.000	2.000	2.500
k1.371	step	0.0	0.00000000e+00	3.80000000e-07	-8.300000e-06	1.0000	0.0000	0.0000	0.0000	1.0000	0.0000	0.0000	0.0000	1.0000	0.0	0.0	0.0	2.000	2.000	2.500
k1.372	step	0.0	0.00000000e+00	3.80000000e-07	-8.325000e-06	1.0000	0.0000	0.0000	0.0000	1.0000	0.0000	0.0000	0.0000	1.0000	0.0	0.0	0.0	2.000	2.000	2.500
k1.373	step	0.0	0.00000000e+00	3.80000000e-07	-8.350000e-06	1.0000	0.0000	0.0000	0.0000	1.0000	0.0000	0.0000	0.0000	1.0000	0.0	0.0	0.0	2.000	2.000	2.500
k1.374	step	0.0	0.00000000e+00	3.80000000e-07	-8.375000e-06	1.0000	0.0000	0.0000	0.0000	1.0000	0.0000	0.0000	0.0000	1.0000	0.0	0.0	0.0	2.000	2.000	2.500
k1.375	step	0.0	0.00000000e+00	3.80000000e-07	-8.400000e-06	1.0000	0.0000	0.0000	0.0000	1.0000	0.0000	0.0000	0.0000	1.0000	0.0	0.0	0.0	2.000	2.000	2.500
k1.376	step	0.0	0.00000000e+00	3.80000000e-07	-8.425000e-06	1.0000	0.0000	0.0000	0.0000	1.0000	0.0000	0.0000	0.0000	1.0000	0.0	0.0	0.0	2.000	2.000	2.500
k1.377	step	0.0	0.00000000e+00	3.80000000e-07	-8.450000e-06	1.0000	0.0000	0.0000	0.0000	1.0000	0.0000	0.0000	0.0000	1.0000	0.0	0.0	0.0	2.000	2.000	2.500
k1.378	step	0.0	0.00000000e+00	3.80000000e-07	-8.475000e-06	1.0000	0.0000	0.0000	0.0000	1.0000	0.0000	0.0000	0.0000	1.0000	0.0	0.0	0.0	2.000	2.000	2.500
k1.379	step	0.0	0.00000000e+00	3.80000000e-07	-8.500000e-06	1.0000	0.0000	0.0000	0.0000	1.0000	0.0000	0.0000	0.0000	1.0000	0.0	0.0	0.0	2.000	2.000	2.500
k1.380	step	0.0	0.00000000e+00	3.80000000e-07	-8.525000e-06	1.0000	0.0000	0.0000	0.0000	1.0000	0.0000	0.0000	0.0000	1.0000	0.0	0.0	0.0	2.000	2.000	2.500
k1.381	step	0.0	0.00000000e+00	3.80000000e-07	-8.550000e-06	1.0000	0.0000	0.0000	0.0000	1.0000	0.0000	0.0000	0.0000	1.0000	0.0	0.0	0.0	2.000	2.000	2.500
k1.382	step	0.0	0.00000000e+00	3.80000000e-07	-8.575000e-06	1.0000	0.0000	0.0000	0.0000	1.0000	0.0000	0.0000	0.0000	1.0000	0.0	0.0	0.0	2.000	2.000	2.500
k1.383	step	0.0	0.00000000e+00	3.80000000e-07	-8.600000e-06	1.0000	0.0000	0.0000	0.0000	1.0000	0.0000	0.0000	0.0000	1.0000	0.0	0.0	0.0	2.000	2.000	2.500
k1.384	step	0.0	0.00000000e+00	3.80000000e-07	-8.625000e-06	1.0000	0.0000	0.0000	0.0000	1.0000	0.0000	0.0000	0.0000	1.0000	0.0	0.0	0.0	2.000	2.000	2.500
k1.385	step	0.0	0.00000000e+00	3.80000000e-07	-8.650000e-06	1.0000	0.0000	0.0000	0.0000	1.0000	0.0000	0.0000	0.0000	1.0000	0.0	0.0	0.0	2.000	2.000	2.500
k1.386	step	0.0	0.00000000e+00	3.80000000e-07	-8.675000e-06	1.0000	0.0000	0.0000	0.0000	1.0000	0.0000	0.0000	0.0000	1.0000	0.0	0.0	0.0	2.000	2.000	2.500
k1.387	step	0.0	0.00000000e+00	3.80000000e-07	-8.700000e-06	1.0000	0.0000	0.0000	0.0000	1.0000	0.0000	0.0000	0.0000	1.0000	0.0	0.0	0.0	2.000	2.000	2.500
k1.388	step	0.0	0.00000000e+00	3.80000000e-07	-8.725000e-06	1.0000	0.0000	0.0000	0.0000	1.0000	0.0000	0.0000	0.0000	1.0000	0.0	0.0	0.0	2.000	2.000	2.500
k1.389	step	0.0	0.00000000e+00	3.80000000e-07	-8.750000e-06	1.0000	0.0000	0.0000	0.0000	1.0000	0.0000	0.0000	0.0000	1.0000	0.0	0.0	0.0	2.000	2.000	2.500
k1.390	step	0.0	0.00000000e+00	3.80000000e-07	-8.775000e-06	1.0000	0.0000	0.0000	0.0000	1.0000	0.0000	0.0000	0.0000	1.0000	0.0	0.0	0.0	2.000	2.000	2.500
k1.391	step	0.0	0.00000000e+00	3.80000000e-07	-8.800000e-06	1.0000	0.0000	0.0000	0.0000	1.0000	0.0000	0.0000	0.0000	1.0000	0.0	0.0	0.0	2.000	2.000	2.500
k1.392	step	0.0	0.00000000e+00	3.80000000e-07	-8.825000e-06	1.0000	0.0000	0.0000	0.0000	1.0000	0.0000	0.0000	0.0000	1.0000	0.0	0.0	0.0	2.000	2.000	2.500
k1.393	step	0.0	0.00000000e+00	3.80000000e-07	-8.850000e-06	1.0000	0.0000	0.0000	0.0000	1.0000	0.0000	0.0000	0.0000	1.0000	0.0	0.0	0.0	2.000	2.000	2.500
k1.394	step	0.0	0.00000000e+00	3.80000000e-07	-8.875000e-06	1.0000	0.0000	0.0000	0.0000	1.0000	0.0000	0.0000	0.0000	1.0000	0.0	0.0	0.0	2.000	2.000	2.500
k1.395	step	0.0	0.00000000e+00	3.80000000e-07	-8.900000e-06	1.0000	0.0000	0.0000	0.0000	1.0000	0.0000	0.0000	0.0000	1.0000	0.0	0.0	0.0	2.000	2.000	2.500
k1.396	step	0.0	0.00000000e+00	3.80000000e-07	-8.925000e-06	1.0000	0.0000	0.0000	0.0000	1.0000	0.0000	0.0000	0.0000	1.0000	0.0	0.0	0.0	2.000	2.000	2.500
k1.397	step	0.0	0.00000000e+00	3.80000000e-07	-8.950000e-06	1.0000	0.0000	0.0000	0.0000	1.0000	0.0000	0.0000	0.0000	1.0000	0.0	0.0	0.0	2.000	2.000	2.500
k1.398	step	0.0	0.00000000e+00	3.80000000e-07	-8.975000e-06	1.0000	0.0000	0.0000	0.0000	1.0000	0.0000	0.0000	0.0000	1.0000	0.0	0.0	0.0	2.000	2.000	2.500
k1.399	step	0.0	0.00000000e+00	3.80000000e-07	-9.000000e-06	1.0000	0.0000	0.0000	0.0000	1.0000	0.0000	0.0000	0.0000	1.0000	0.0	0.0	0.0	2.000	2.000	2.500
MT1.	step	0.0	0.00000000e+00	2.20000000e-07	9.00000000e-07	1.0000	0.0000	0.0000	0.0000	0.0000	1.0000	0.0000	-1.0000	0.0000	0.0	0.0	0.0	2.000	2.000	30.000
